,,,GM,rotD50,rotD50,rotD50,rotD50,rotD50,rotD50,rotD50,rotD50,rotD50,rotD50,rotD50,rotD50,rotD50,rotD50,rotD50,rotD50,rotD50,rotD50,rotD50,rotD50,rotD50,rotD50,rotD50,rotD50,rotD50,rotD50,rotD50,rotD50,rotD50,rotD50,rotD50,rotD50,rotD50,rotD50,rotD50,rotD50
,,,RSD595,"AvgSA[0,3]","AvgSA[0,6]",PGA,SA,SA,SA,SA,SA,SA,SA,SA,SA,SA,SA,SA,SA,SA,SA,SA,SA,SA,SA,SA,SA,SA,SA,SA,SA,SA,SA,SA,SA,SA,SA,SA,SA
,,,None,3.0,6.0,None,0.025,0.04,0.05,0.07,0.1,0.15,0.2,0.25,0.3,0.35,0.4,0.45,0.5,0.6,0.7,0.75,0.8,0.9,1.0,1.2,1.4,1.6,1.8,2.0,2.5,3.0,3.5,4.0,4.5,5.0,6.0,7.0,8.0
GM,RSD595,None,1.0,-0.22629570794604148,-0.2245656600939444,-0.46739361594552564,-0.4609212225832897,-0.45223431628221744,-0.4633609770137842,-0.4805360088493342,-0.4939951094467345,-0.47709624732593553,-0.44502497018661535,-0.40607235038252343,-0.37135658667448745,-0.33484463485502375,-0.3174252661263168,-0.30662804931406995,-0.28706344522195476,-0.2620365903476484,-0.22548376349391258,-0.21058031207250558,-0.18809038639387565,-0.1585137166034356,-0.13767610908735592,-0.11683532447205436,-0.10952123104224029,-0.1173987004416018,-0.10643079770590728,-0.11087129067355123,-0.07048499678918195,-0.004573107582868951,-0.004669337150654679,-0.026748559931267787,-0.0037624958516382424,-0.01722044346397331,-0.043511000626702254,-0.06088762266876872,-0.07598203103134894
rotD50,"AvgSA[0,3]",3.0,-0.22629570794604148,1.0,0.9824723716678764,0.7988125547686279,0.7885509629925976,0.757902856502081,0.7389714208128049,0.6981154148350802,0.6822170421304526,0.6959750882041768,0.7463809765039607,0.7837331177551232,0.8135279557739121,0.8396001184226873,0.8673746933183262,0.8894036606866453,0.9069707390140086,0.9292438030495638,0.9441122181294964,0.9500011698730445,0.9523155598979798,0.9570918386975921,0.9604016307348752,0.9626667021374482,0.9640893478579852,0.966933859922168,0.9664500640989329,0.9605891104802972,0.9493974387511537,0.9313566541470356,0.9177851499137473,0.9072905103323285,0.8914252220961422,0.8866911144837444,0.8582893606144075,0.848232889553062,0.8306161874833454
rotD50,"AvgSA[0,6]",6.0,-0.2245656600939444,0.9824723716678764,1.0,0.767422223067997,0.759849233318969,0.7351428944876576,0.718361598256424,0.6775084725292658,0.6593817005312249,0.6657110186022916,0.7069985685914129,0.7359710540662286,0.7581022885488721,0.7780347691212591,0.8072956347748006,0.8302945891275114,0.8472082028998602,0.8708690544453642,0.8906547634397717,0.8989297839631246,0.903166926296014,0.9090433700887633,0.9176844981946131,0.9291602886308049,0.9387353834134572,0.9522667853888941,0.9609221748018216,0.9643751450624135,0.9700346920091378,0.9698213884256983,0.9707422872619927,0.970684330956068,0.9665765752742177,0.9644405205933466,0.9514158662960255,0.9364627021186969,0.9172439088740235
rotD50,PGA,None,-0.46739361594552564,0.7988125547686279,0.767422223067997,1.0,0.9978123999547344,0.9866151494557237,0.9817027264115559,0.9734748137115075,0.970132255745469,0.9692748171096688,0.9690132930395561,0.9558408309252522,0.9384097165960421,0.9203697185132265,0.9114775169528653,0.899227698982331,0.876714809714635,0.8295945154989277,0.7906852754231697,0.7694736025729545,0.7534180861489809,0.730080194560232,0.7071649347253381,0.6804863105921556,0.6585661186380597,0.6524698941301316,0.6466726828206357,0.6383561220321669,0.6044093509798171,0.5704749698515575,0.5790310263837641,0.5944241182695515,0.5786112057566906,0.5981406865576102,0.5969718546355931,0.6293800653608544,0.6473857442202816
rotD50,SA,0.025,-0.4609212225832897,0.7885509629925976,0.759849233318969,0.9978123999547344,1.0,0.992308860484176,0.9860620472746402,0.9763552084749267,0.9711164251641012,0.966653624948713,0.9639991960876713,0.9484350437451726,0.9291207020836437,0.909373563372508,0.9002641993643388,0.8879128036145169,0.8644691386833647,0.8165301911142809,0.7780702736841917,0.7567384056420418,0.7413245407641155,0.7177344672784264,0.6949578843153063,0.6681022822038133,0.6455557426866647,0.6409639596764904,0.6357430516260776,0.6288325961915571,0.5947050607124558,0.5614633404005845,0.573211335239873,0.5901873776388503,0.5763053455712907,0.5959985520274228,0.5935161022111178,0.6260403647447411,0.6445025104481588
rotD50,SA,0.04,-0.45223431628221744,0.757902856502081,0.7351428944876576,0.9866151494557237,0.992308860484176,1.0,0.9939218881196794,0.9832918125118011,0.9715502766974092,0.9577572630311795,0.9468309970911605,0.9232279665048043,0.8990046879769789,0.8761826184734532,0.8662495507802982,0.8538814590918061,0.8292062674115018,0.7804300081444278,0.7414925860401269,0.7203420478108215,0.706255326521889,0.6834207564338921,0.6615222694569068,0.634671332158237,0.6116896309880491,0.6072003786079394,0.604249063793033,0.599251844131804,0.5624697147181065,0.5285402023418275,0.546414747250692,0.5670021266468711,0.5562863324273438,0.5782531277960576,0.5816015416101682,0.6140138634180391,0.6332083975853935
rotD50,SA,0.05,-0.4633609770137842,0.7389714208128049,0.718361598256424,0.9817027264115559,0.9860620472746402,0.9939218881196794,1.0,0.9885122787047297,0.9750430411941929,0.9560697992705689,0.9410486148269837,0.9138713378734059,0.8873331774803037,0.8627233799891517,0.8517176691995418,0.8385324760729453,0.8133484537451056,0.7626588761279756,0.722777980653806,0.7006068840150881,0.6854620388505027,0.6625967646669765,0.6409302856022489,0.6142209724659464,0.590686212129191,0.5852466657020331,0.5830295637794711,0.5772908851240646,0.538343238191587,0.5023095943235077,0.5214128616481263,0.5431842505454342,0.5353797076143503,0.5604642623861815,0.5681803034750267,0.6010328288859859,0.6201105000304921
rotD50,SA,0.07,-0.4805360088493342,0.6981154148350802,0.6775084725292658,0.9734748137115075,0.9763552084749267,0.9832918125118011,0.9885122787047297,1.0,0.9881393997642947,0.9655504924071109,0.939396693817425,0.9031105918465969,0.8725025647551865,0.842337083032316,0.8280568217456639,0.8116405516888662,0.7827939892986756,0.7286424147535259,0.6841013040839036,0.6600411101380902,0.6437226148347881,0.6184507847539424,0.5954841504495328,0.5675936609252833,0.542695926894389,0.5365595160877554,0.5348412688229158,0.5287562678019082,0.48751899476230104,0.44624909537299556,0.4697912550223431,0.4917787532299646,0.4862310592832989,0.5148613415006978,0.5265404572878482,0.563601981203821,0.5875786020806332
rotD50,SA,0.1,-0.4939951094467345,0.6822170421304526,0.6593817005312249,0.970132255745469,0.9711164251641012,0.9715502766974092,0.9750430411941929,0.9881393997642947,1.0,0.9794562174548924,0.9523138275466833,0.9162039088842582,0.8829710729241387,0.849305805895345,0.8319449964740634,0.8130131664307925,0.7815678656355727,0.7234589671269569,0.675527194808126,0.6493999741015413,0.6309825197052591,0.6033526533648195,0.5770878638486248,0.5461083924478405,0.5207805069497633,0.5160480089724004,0.5137558067407556,0.5066901644651193,0.4598815163934778,0.41364035764174445,0.4377582472484582,0.46007777475976697,0.44917568444918204,0.47937574250841736,0.4870818956620356,0.5271975222626726,0.5543927882578379
rotD50,SA,0.15,-0.47709624732593553,0.6959750882041768,0.6657110186022916,0.9692748171096688,0.966653624948713,0.9577572630311795,0.9560697992705689,0.9655504924071109,0.9794562174548924,1.0,0.9766466292270134,0.9461105801437498,0.9133200036525148,0.8821946340708788,0.864281008962037,0.8412912565740944,0.8099934217753002,0.7462099687398512,0.6945422075498449,0.6681939006065672,0.6495424189748353,0.6206797544017613,0.5942398937693738,0.5623802597023148,0.5354423546577977,0.5308781395794296,0.5229460800160755,0.5141947595163473,0.46456856751834874,0.4173080128944468,0.4330260656576798,0.4524229519560154,0.4385165263560992,0.4679849752743702,0.47447072230913634,0.5114910955747709,0.5365532602322539
rotD50,SA,0.2,-0.44502497018661535,0.7463809765039607,0.7069985685914129,0.9690132930395561,0.9639991960876713,0.9468309970911605,0.9410486148269837,0.939396693817425,0.9523138275466833,0.9766466292270134,1.0,0.9795780223235744,0.9529471383655804,0.9276424618210956,0.9104965907275575,0.8890083087116518,0.8624011115479124,0.8037677031965058,0.7543928678952861,0.7286198038085333,0.7090703665868612,0.6810972456727665,0.6553649454029731,0.6258148227243037,0.6011926700253691,0.5917598888452098,0.580345834167873,0.5678781972409865,0.5187162592744131,0.47930372419211303,0.48868860471523023,0.5038946607629656,0.48713182409988776,0.5093836458252355,0.5047056196028623,0.537637296510344,0.5581499999149523
rotD50,SA,0.25,-0.40607235038252343,0.7837331177551232,0.7359710540662286,0.9558408309252522,0.9484350437451726,0.9232279665048043,0.9138713378734059,0.9031105918465969,0.9162039088842582,0.9461105801437498,0.9795780223235744,1.0,0.9832792935066093,0.9631084683655889,0.9457374188345297,0.9254334199410365,0.9034224537093687,0.8531260838345595,0.8051009777454762,0.7797325815345121,0.7598087333240291,0.7315199073253585,0.7055145706060835,0.6728393587238305,0.6483279000878494,0.6363505829954974,0.6222437196950519,0.6083198189033616,0.5576161832063788,0.5195470160121669,0.5258290038354551,0.5362926196918713,0.505258631930632,0.5221133889909321,0.508223165782053,0.5369051662826942,0.5531385719828906
rotD50,SA,0.3,-0.37135658667448745,0.8135279557739121,0.7581022885488721,0.9384097165960421,0.9291207020836437,0.8990046879769789,0.8873331774803037,0.8725025647551865,0.8829710729241387,0.9133200036525148,0.9529471383655804,0.9832792935066093,1.0,0.9841448430073635,0.9684309821081806,0.9507796652061324,0.931657024740257,0.8869706562953138,0.8429586933990066,0.8196784974549025,0.8001509060681183,0.7737287605529387,0.7487153106606836,0.7147057336908548,0.690018133961337,0.6748852158186368,0.6603989809161342,0.6442261188136909,0.5978536417782399,0.5569271304390049,0.5583706298489829,0.5636911280925687,0.5369635950721611,0.5489117943800317,0.5209517236849831,0.5431632391765518,0.5551587526003775
rotD50,SA,0.35,-0.33484463485502375,0.8396001184226873,0.7780347691212591,0.9203697185132265,0.909373563372508,0.8761826184734532,0.8627233799891517,0.842337083032316,0.849305805895345,0.8821946340708788,0.9276424618210956,0.9631084683655889,0.9841448430073635,1.0,0.9872278587321011,0.9706591888745396,0.9540569393893079,0.9145898315317491,0.874585367534977,0.8535157216674476,0.8349118491738212,0.8106709753031732,0.786913177845627,0.7523738259519009,0.7292401795463425,0.7116063097183793,0.6958016147343908,0.678411625131674,0.6349281056651713,0.5918460789730386,0.5859082601522497,0.5851614597842116,0.5497486573803114,0.5570212495085057,0.5212655390448983,0.5398592219411361,0.5469466001571819
rotD50,SA,0.4,-0.3174252661263168,0.8673746933183262,0.8072956347748006,0.9114775169528653,0.9002641993643388,0.8662495507802982,0.8517176691995418,0.8280568217456639,0.8319449964740634,0.864281008962037,0.9104965907275575,0.9457374188345297,0.9684309821081806,0.9872278587321011,1.0,0.9879973463028964,0.9728747033452034,0.9372296016439913,0.9024381745104973,0.8841887614131243,0.8669188735809837,0.8438629265871219,0.8214919269465569,0.7892982813864519,0.7671005124335031,0.7519016593229292,0.7339131046221588,0.716235981853195,0.6744857434607183,0.6340201327184293,0.6291653346466722,0.6252217498515922,0.5909502770859231,0.5970988682771953,0.5566064560961663,0.5697076917286589,0.5732825065852257
rotD50,SA,0.45,-0.30662804931406995,0.8894036606866453,0.8302945891275114,0.899227698982331,0.8879128036145169,0.8538814590918061,0.8385324760729453,0.8116405516888662,0.8130131664307925,0.8412912565740944,0.8890083087116518,0.9254334199410365,0.9507796652061324,0.9706591888745396,0.9879973463028964,1.0,0.9878268736850474,0.9563531790083735,0.9265459932064684,0.9102662461382934,0.8952673207024872,0.8742428302287032,0.8537213035617429,0.825323328479514,0.8013505330585555,0.785508599870633,0.7683574904527922,0.7498341615412559,0.7067900127176904,0.6671005853909169,0.6586917045241026,0.6549068586104653,0.617505347384897,0.6216338056528848,0.5779996722192803,0.5874576737806527,0.5875357716406596
rotD50,SA,0.5,-0.28706344522195476,0.9069707390140086,0.8472082028998602,0.876714809714635,0.8644691386833647,0.8292062674115018,0.8133484537451056,0.7827939892986756,0.7815678656355727,0.8099934217753002,0.8624011115479124,0.9034224537093687,0.931657024740257,0.9540569393893079,0.9728747033452034,0.9878268736850474,1.0,0.9748328797241624,0.9482381513295804,0.9347878808602288,0.9211969318341724,0.902495956590504,0.8841475928814754,0.8584352972963373,0.831619021250631,0.8143701784142695,0.7964468788243921,0.7771146258172088,0.7352779655867029,0.6905412759133317,0.6783419261917331,0.672571458878778,0.6258659584759195,0.6287510886973259,0.5860093885047172,0.5920223793837918,0.5891126272202336
rotD50,SA,0.6,-0.2620365903476484,0.9292438030495638,0.8708690544453642,0.8295945154989277,0.8165301911142809,0.7804300081444278,0.7626588761279756,0.7286424147535259,0.7234589671269569,0.7462099687398512,0.8037677031965058,0.8531260838345595,0.8869706562953138,0.9145898315317491,0.9372296016439913,0.9563531790083735,0.9748328797241624,1.0,0.9825262397338361,0.9713685690758286,0.9597566515305187,0.9441398075448854,0.9275570592787625,0.904712246779871,0.8809236523761123,0.8592284731670715,0.8419760675809531,0.8196441750985948,0.7764802517220738,0.7313887718077702,0.7151409524582342,0.7088729247942126,0.6613060800487449,0.6604183606170504,0.6026114839441283,0.600821002478192,0.5921010887674351
rotD50,SA,0.7,-0.22548376349391258,0.9441122181294964,0.8906547634397717,0.7906852754231697,0.7780702736841917,0.7414925860401269,0.722777980653806,0.6841013040839036,0.675527194808126,0.6945422075498449,0.7543928678952861,0.8051009777454762,0.8429586933990066,0.874585367534977,0.9024381745104973,0.9265459932064684,0.9482381513295804,0.9825262397338361,1.0,0.9932871669407811,0.982902435033783,0.9686377935231376,0.9540113121865044,0.9325685370085597,0.9138025793723973,0.892606032121349,0.8757991211907113,0.8533546008323285,0.8151800445561648,0.7718501104243827,0.7482619137105805,0.7387745979777582,0.6934978103692907,0.6926588541842681,0.6253356902346063,0.6173630147866864,0.6020601733979053
rotD50,SA,0.75,-0.21058031207250558,0.9500011698730445,0.8989297839631246,0.7694736025729545,0.7567384056420418,0.7203420478108215,0.7006068840150881,0.6600411101380902,0.6493999741015413,0.6681939006065672,0.7286198038085333,0.7797325815345121,0.8196784974549025,0.8535157216674476,0.8841887614131243,0.9102662461382934,0.9347878808602288,0.9713685690758286,0.9932871669407811,1.0,0.9938296425183412,0.9797169633254238,0.966467778406983,0.9454715875339736,0.929355379261485,0.9098627192341513,0.8923906729101165,0.8706576236970484,0.8346996858157711,0.7922686651495544,0.7696414396474051,0.7578897647038895,0.7183134207874471,0.7168024388896919,0.6425007200242446,0.6313414501999317,0.6143720303291214
rotD50,SA,0.8,-0.18809038639387565,0.9523155598979798,0.903166926296014,0.7534180861489809,0.7413245407641155,0.706255326521889,0.6854620388505027,0.6437226148347881,0.6309825197052591,0.6495424189748353,0.7090703665868612,0.7598087333240291,0.8001509060681183,0.8349118491738212,0.8669188735809837,0.8952673207024872,0.9211969318341724,0.9597566515305187,0.982902435033783,0.9938296425183412,1.0,0.9878456677972596,0.9748959986265266,0.9539637454905918,0.9389898127114837,0.9210552483463404,0.9029524751505138,0.8819429521515639,0.8469509993691099,0.8052996192987449,0.7838753089550942,0.7697685663520502,0.7320391275936969,0.7293022526042812,0.6576016150264751,0.6446505759788446,0.6251701242255652
rotD50,SA,0.9,-0.1585137166034356,0.9570918386975921,0.9090433700887633,0.730080194560232,0.7177344672784264,0.6834207564338921,0.6625967646669765,0.6184507847539424,0.6033526533648195,0.6206797544017613,0.6810972456727665,0.7315199073253585,0.7737287605529387,0.8106709753031732,0.8438629265871219,0.8742428302287032,0.902495956590504,0.9441398075448854,0.9686377935231376,0.9797169633254238,0.9878456677972596,1.0,0.9898812570920712,0.9703746008951754,0.9542686853817748,0.9374169213183274,0.9201236589813192,0.9001827874679598,0.8653132273682635,0.8263914317743968,0.8031010598840973,0.7872825089371722,0.7545048059658512,0.7487543963676558,0.6845813626700907,0.6711185893485548,0.6512023445830762
rotD50,SA,1.0,-0.13767610908735592,0.9604016307348752,0.9176844981946131,0.7071649347253381,0.6949578843153063,0.6615222694569068,0.6409302856022489,0.5954841504495328,0.5770878638486248,0.5942398937693738,0.6553649454029731,0.7055145706060835,0.7487153106606836,0.786913177845627,0.8214919269465569,0.8537213035617429,0.8841475928814754,0.9275570592787625,0.9540113121865044,0.966467778406983,0.9748959986265266,0.9898812570920712,1.0,0.9819151825781343,0.9664140430633414,0.9483936842542031,0.9329725336272171,0.9155348637316612,0.8823438095863085,0.8458427906422674,0.8246120457601415,0.807930139810378,0.7800851592603866,0.7724494680733913,0.7082386345646144,0.6940331491745839,0.6718102769994246
rotD50,SA,1.2,-0.11683532447205436,0.9626667021374482,0.9291602886308049,0.6804863105921556,0.6681022822038133,0.634671332158237,0.6142209724659464,0.5675936609252833,0.5461083924478405,0.5623802597023148,0.6258148227243037,0.6728393587238305,0.7147057336908548,0.7523738259519009,0.7892982813864519,0.825323328479514,0.8584352972963373,0.904712246779871,0.9325685370085597,0.9454715875339736,0.9539637454905918,0.9703746008951754,0.9819151825781343,1.0,0.9859707311865218,0.9698587450574463,0.9552952170085383,0.9384297834654962,0.9064561643026433,0.8742738332488763,0.853190357345445,0.8369486735535486,0.8122505061095553,0.8026559280587222,0.7496073625320523,0.7331802495138028,0.7093865364118862
rotD50,SA,1.4,-0.10952123104224029,0.9640893478579852,0.9387353834134572,0.6585661186380597,0.6455557426866647,0.6116896309880491,0.590686212129191,0.542695926894389,0.5207805069497633,0.5354423546577977,0.6011926700253691,0.6483279000878494,0.690018133961337,0.7292401795463425,0.7671005124335031,0.8013505330585555,0.831619021250631,0.8809236523761123,0.9138025793723973,0.929355379261485,0.9389898127114837,0.9542686853817748,0.9664140430633414,0.9859707311865218,1.0,0.9867953053651811,0.9731251073620134,0.9566101657187427,0.9297328328420476,0.9019540850960973,0.8799719460971841,0.8623322280177866,0.8426075166828567,0.8330920321439238,0.7817293023660447,0.7600076319449802,0.7346523969803398
rotD50,SA,1.6,-0.1173987004416018,0.966933859922168,0.9522667853888941,0.6524698941301316,0.6409639596764904,0.6072003786079394,0.5852466657020331,0.5365595160877554,0.5160480089724004,0.5308781395794296,0.5917598888452098,0.6363505829954974,0.6748852158186368,0.7116063097183793,0.7519016593229292,0.785508599870633,0.8143701784142695,0.8592284731670715,0.892606032121349,0.9098627192341513,0.9210552483463404,0.9374169213183274,0.9483936842542031,0.9698587450574463,0.9867953053651811,1.0,0.990379736701551,0.9775792002508628,0.955387874348526,0.9316659834366231,0.9115995732194657,0.8957310527643727,0.8822954600544392,0.8723281366720441,0.8255877305069846,0.8003747758450013,0.7740529418300887
rotD50,SA,1.8,-0.10643079770590728,0.9664500640989329,0.9609221748018216,0.6466726828206357,0.6357430516260776,0.604249063793033,0.5830295637794711,0.5348412688229158,0.5137558067407556,0.5229460800160755,0.580345834167873,0.6222437196950519,0.6603989809161342,0.6958016147343908,0.7339131046221588,0.7683574904527922,0.7964468788243921,0.8419760675809531,0.8757991211907113,0.8923906729101165,0.9029524751505138,0.9201236589813192,0.9329725336272171,0.9552952170085383,0.9731251073620134,0.990379736701551,1.0,0.9918350813140724,0.9704331435634317,0.9498378203692374,0.930054045753399,0.9129261170389563,0.9049569105007501,0.8963988008136753,0.8596916405708878,0.8349634710459101,0.8088352955862581
rotD50,SA,2.0,-0.11087129067355123,0.9605891104802972,0.9643751450624135,0.6383561220321669,0.6288325961915571,0.599251844131804,0.5772908851240646,0.5287562678019082,0.5066901644651193,0.5141947595163473,0.5678781972409865,0.6083198189033616,0.6442261188136909,0.678411625131674,0.716235981853195,0.7498341615412559,0.7771146258172088,0.8196441750985948,0.8533546008323285,0.8706576236970484,0.8819429521515639,0.9001827874679598,0.9155348637316612,0.9384297834654962,0.9566101657187427,0.9775792002508628,0.9918350813140724,1.0,0.981195856919935,0.9642359451118073,0.9458078895650163,0.9300699330870827,0.9247347535923084,0.9140173039863028,0.8855852859867125,0.864259178585616,0.8398303883042832
rotD50,SA,2.5,-0.07048499678918195,0.9493974387511537,0.9700346920091378,0.6044093509798171,0.5947050607124558,0.5624697147181065,0.538343238191587,0.48751899476230104,0.4598815163934778,0.46456856751834874,0.5187162592744131,0.5576161832063788,0.5978536417782399,0.6349281056651713,0.6744857434607183,0.7067900127176904,0.7352779655867029,0.7764802517220738,0.8151800445561648,0.8346996858157711,0.8469509993691099,0.8653132273682635,0.8823438095863085,0.9064561643026433,0.9297328328420476,0.955387874348526,0.9704331435634317,0.981195856919935,1.0,0.9854825972791311,0.9702773215384113,0.9556887409384572,0.9499567439113334,0.9390822107130155,0.9166347184575502,0.8978202307790887,0.8726520135173808
rotD50,SA,3.0,-0.004573107582868951,0.9313566541470356,0.9698213884256983,0.5704749698515575,0.5614633404005845,0.5285402023418275,0.5023095943235077,0.44624909537299556,0.41364035764174445,0.4173080128944468,0.47930372419211303,0.5195470160121669,0.5569271304390049,0.5918460789730386,0.6340201327184293,0.6671005853909169,0.6905412759133317,0.7313887718077702,0.7718501104243827,0.7922686651495544,0.8052996192987449,0.8263914317743968,0.8458427906422674,0.8742738332488763,0.9019540850960973,0.9316659834366231,0.9498378203692374,0.9642359451118073,0.9854825972791311,1.0,0.9881659685467011,0.9746218559646093,0.9683779343814346,0.9554032747083878,0.9338712701449018,0.9147083228460656,0.8878877847286344
rotD50,SA,3.5,-0.004669337150654679,0.9177851499137473,0.9707422872619927,0.5790310263837641,0.573211335239873,0.546414747250692,0.5214128616481263,0.4697912550223431,0.4377582472484582,0.4330260656576798,0.48868860471523023,0.5258290038354551,0.5583706298489829,0.5859082601522497,0.6291653346466722,0.6586917045241026,0.6783419261917331,0.7151409524582342,0.7482619137105805,0.7696414396474051,0.7838753089550942,0.8031010598840973,0.8246120457601415,0.853190357345445,0.8799719460971841,0.9115995732194657,0.930054045753399,0.9458078895650163,0.9702773215384113,0.9881659685467011,1.0,0.9894458043136919,0.981737364203536,0.9703502474692354,0.9469601211219827,0.9278012597860791,0.9016882596401898
rotD50,SA,4.0,-0.026748559931267787,0.9072905103323285,0.970684330956068,0.5944241182695515,0.5901873776388503,0.5670021266468711,0.5431842505454342,0.4917787532299646,0.46007777475976697,0.4524229519560154,0.5038946607629656,0.5362926196918713,0.5636911280925687,0.5851614597842116,0.6252217498515922,0.6549068586104653,0.672571458878778,0.7088729247942126,0.7387745979777582,0.7578897647038895,0.7697685663520502,0.7872825089371722,0.807930139810378,0.8369486735535486,0.8623322280177866,0.8957310527643727,0.9129261170389563,0.9300699330870827,0.9556887409384572,0.9746218559646093,0.9894458043136919,1.0,0.9937525113047216,0.9807531921344158,0.9611048263537249,0.9386882195302677,0.9146802008882763
rotD50,SA,4.5,-0.0037624958516382424,0.8914252220961422,0.9665765752742177,0.5786112057566906,0.5763053455712907,0.5562863324273438,0.5353797076143503,0.4862310592832989,0.44917568444918204,0.4385165263560992,0.48713182409988776,0.505258631930632,0.5369635950721611,0.5497486573803114,0.5909502770859231,0.617505347384897,0.6258659584759195,0.6613060800487449,0.6934978103692907,0.7183134207874471,0.7320391275936969,0.7545048059658512,0.7800851592603866,0.8122505061095553,0.8426075166828567,0.8822954600544392,0.9049569105007501,0.9247347535923084,0.9499567439113334,0.9683779343814346,0.981737364203536,0.9937525113047216,1.0,0.9897361536534579,0.9722422918614575,0.950572616226765,0.9286704559143788
rotD50,SA,5.0,-0.01722044346397331,0.8866911144837444,0.9644405205933466,0.5981406865576102,0.5959985520274228,0.5782531277960576,0.5604642623861815,0.5148613415006978,0.47937574250841736,0.4679849752743702,0.5093836458252355,0.5221133889909321,0.5489117943800317,0.5570212495085057,0.5970988682771953,0.6216338056528848,0.6287510886973259,0.6604183606170504,0.6926588541842681,0.7168024388896919,0.7293022526042812,0.7487543963676558,0.7724494680733913,0.8026559280587222,0.8330920321439238,0.8723281366720441,0.8963988008136753,0.9140173039863028,0.9390822107130155,0.9554032747083878,0.9703502474692354,0.9807531921344158,0.9897361536534579,1.0,0.9861221628535831,0.9672646120413888,0.9496608816025403
rotD50,SA,6.0,-0.043511000626702254,0.8582893606144075,0.9514158662960255,0.5969718546355931,0.5935161022111178,0.5816015416101682,0.5681803034750267,0.5265404572878482,0.4870818956620356,0.47447072230913634,0.5047056196028623,0.508223165782053,0.5209517236849831,0.5212655390448983,0.5566064560961663,0.5779996722192803,0.5860093885047172,0.6026114839441283,0.6253356902346063,0.6425007200242446,0.6576016150264751,0.6845813626700907,0.7082386345646144,0.7496073625320523,0.7817293023660447,0.8255877305069846,0.8596916405708878,0.8855852859867125,0.9166347184575502,0.9338712701449018,0.9469601211219827,0.9611048263537249,0.9722422918614575,0.9861221628535831,1.0,0.9863743505887352,0.9713652447540764
rotD50,SA,7.0,-0.06088762266876872,0.848232889553062,0.9364627021186969,0.6293800653608544,0.6260403647447411,0.6140138634180391,0.6010328288859859,0.563601981203821,0.5271975222626726,0.5114910955747709,0.537637296510344,0.5369051662826942,0.5431632391765518,0.5398592219411361,0.5697076917286589,0.5874576737806527,0.5920223793837918,0.600821002478192,0.6173630147866864,0.6313414501999317,0.6446505759788446,0.6711185893485548,0.6940331491745839,0.7331802495138028,0.7600076319449802,0.8003747758450013,0.8349634710459101,0.864259178585616,0.8978202307790887,0.9147083228460656,0.9278012597860791,0.9386882195302677,0.950572616226765,0.9672646120413888,0.9863743505887352,1.0,0.9921507651059845
rotD50,SA,8.0,-0.07598203103134894,0.8306161874833454,0.9172439088740235,0.6473857442202816,0.6445025104481588,0.6332083975853935,0.6201105000304921,0.5875786020806332,0.5543927882578379,0.5365532602322539,0.5581499999149523,0.5531385719828906,0.5551587526003775,0.5469466001571819,0.5732825065852257,0.5875357716406596,0.5891126272202336,0.5921010887674351,0.6020601733979053,0.6143720303291214,0.6251701242255652,0.6512023445830762,0.6718102769994246,0.7093865364118862,0.7346523969803398,0.7740529418300887,0.8088352955862581,0.8398303883042832,0.8726520135173808,0.8878877847286344,0.9016882596401898,0.9146802008882763,0.9286704559143788,0.9496608816025403,0.9713652447540764,0.9921507651059845,1.0
