,,,GM,rotD50,rotD50,rotD50,rotD50,rotD50,rotD50,rotD50,rotD50,rotD50,rotD50,rotD50,rotD50,rotD50,rotD50,rotD50,rotD50,rotD50,rotD50,rotD50,rotD50,rotD50,rotD50,rotD50,rotD50,rotD50,rotD50,rotD50,rotD50,rotD50,rotD50,rotD50,rotD50,rotD50,rotD50,rotD50,rotD50
,,,RSD595,"AvgSA[0,3]","AvgSA[0,6]",PGA,SA,SA,SA,SA,SA,SA,SA,SA,SA,SA,SA,SA,SA,SA,SA,SA,SA,SA,SA,SA,SA,SA,SA,SA,SA,SA,SA,SA,SA,SA,SA,SA,SA
,,,None,3.0,6.0,None,0.025,0.04,0.05,0.07,0.1,0.15,0.2,0.25,0.3,0.35,0.4,0.45,0.5,0.6,0.7,0.75,0.8,0.9,1.0,1.2,1.4,1.6,1.8,2.0,2.5,3.0,3.5,4.0,4.5,5.0,6.0,7.0,8.0
GM,RSD595,None,1.0,-0.28772261164876833,-0.3536679040890753,-0.23588010633712186,-0.2211129399768368,-0.1633389870373107,-0.17342875800678204,-0.21593610525539111,-0.2378838186593866,-0.22706870965403364,-0.2434085593034896,-0.23689776175154284,-0.22580550479131625,-0.21777520428730351,-0.2089748931802424,-0.22065919206764106,-0.24073706288235378,-0.24820897946285092,-0.23813546479735476,-0.22553913613680351,-0.20739363737970035,-0.20039049873361034,-0.211563348728295,-0.23814664216311174,-0.2545527877991522,-0.2583631933741551,-0.2604262618933723,-0.2610911658440797,-0.278930806710634,-0.3193796797918627,-0.34073369242388857,-0.3523922233223677,-0.3600875499542936,-0.3664903286071379,-0.34403826930646897,-0.3474388933293869,-0.36290590688828306
rotD50,"AvgSA[0,3]",3.0,-0.28772261164876833,1.0,0.9747272829121979,0.8174639923844326,0.8026018746516629,0.753129185210824,0.745882657387135,0.7338605303892926,0.7442633350867021,0.8131432324358217,0.8326619295791391,0.8517846281038135,0.8771130432310266,0.9108254907318543,0.9291688407783035,0.94062930687341,0.9470585425584879,0.9506525843160051,0.9535299647544492,0.9547223297614421,0.956534806026858,0.9631081709740602,0.965678775604587,0.9673777726336239,0.963542333699437,0.9680388288150912,0.9754939306707167,0.9798226439011581,0.9804534008534629,0.9868319714707838,0.9773267156599375,0.9719929155495178,0.9521803378917663,0.9501218642078199,0.9419507428884236,0.9427267339350285,0.9408643504674338
rotD50,"AvgSA[0,6]",6.0,-0.3536679040890753,0.9747272829121979,1.0,0.8205916591810826,0.8084171034002908,0.7674789515093635,0.7620889160829144,0.7473968921195256,0.7551388740741443,0.8214893475642451,0.808655597669562,0.7976501421543997,0.7919831784006275,0.8232435907836144,0.8462294019886436,0.862737383398212,0.8673262032598023,0.8688464865669946,0.873936732290474,0.8778007310665004,0.8822693518725286,0.9032179019902219,0.9076842152396554,0.9115801495214768,0.9092402725112131,0.9176479242936476,0.9312520177211844,0.9424249938965678,0.9554648126336561,0.9754262833037322,0.9794226190476445,0.9783957584086235,0.9862813651955271,0.9860824787827782,0.9847569841052246,0.9823240493479906,0.9781222800839156
rotD50,PGA,None,-0.23588010633712186,0.8174639923844326,0.8205916591810826,1.0,0.9990785757469168,0.9834330881884957,0.9866955448660968,0.9801320665048612,0.985460165584796,0.984413565450505,0.9626113180823178,0.9336922378600082,0.8705654346255506,0.8317610345797868,0.7954542666397565,0.7559659103954215,0.7241588316567675,0.691592577466153,0.6810435851870471,0.6787478451928729,0.6866280188249216,0.7092637438252735,0.7097150061840027,0.713445776884484,0.6961802672892422,0.7025285430904933,0.721976281970187,0.7446336055379691,0.7784871482058721,0.8033044926395824,0.8085051028503061,0.8280665519456776,0.8193092990882251,0.839911749949207,0.8673635331719585,0.8796409522211146,0.8878308108190122
rotD50,SA,0.025,-0.2211129399768368,0.8026018746516629,0.8084171034002908,0.9990785757469168,1.0,0.9898852816207798,0.9917430755056508,0.9839922937045268,0.9872196966602497,0.980252003019423,0.9544348912258354,0.9233382428386612,0.8570541381047773,0.8159791324269872,0.7784922476811406,0.737935320072876,0.7053537348095823,0.6727742737040225,0.6627279230827247,0.6605881767291398,0.6689331755042544,0.6925436857279123,0.6937809111766677,0.6983392375859605,0.681061630248595,0.687331941963536,0.7068968072952916,0.7295736489263959,0.7640661175035985,0.7889534454655548,0.7940970548162094,0.8145169811126846,0.8070752793875873,0.8280208952443069,0.8573170898671496,0.869399178374221,0.8775526032798512
rotD50,SA,0.04,-0.1633389870373107,0.753129185210824,0.7674789515093635,0.9834330881884957,0.9898852816207798,1.0,0.9960703339955004,0.9841905623292811,0.9802009379150414,0.9548697707785254,0.9177972105160715,0.8808907765153803,0.8076721910620759,0.7612212346487579,0.7221126432625941,0.6802370692438091,0.6465075871274724,0.6155020203061262,0.6079683584096838,0.6066879772518947,0.6165340121849017,0.641865831741399,0.645191752082073,0.6509070704701871,0.6339860655227871,0.6401670637994565,0.6606833759053934,0.6822044629121762,0.7174727296197522,0.740476854895588,0.7449587317196302,0.7674886781401175,0.7653098802762839,0.7867855693874736,0.8220310631195435,0.8337349776115235,0.840726571472914
rotD50,SA,0.05,-0.17342875800678204,0.745882657387135,0.7620889160829144,0.9866955448660968,0.9917430755056508,0.9960703339955004,1.0,0.9893606968898169,0.9863153034701089,0.9638162323926156,0.9263314373955444,0.8852449887652084,0.80559475953444,0.7556043877331037,0.7132693387732904,0.6702921294841431,0.6359994380725339,0.6045432295847941,0.5952609211263359,0.593194178592164,0.6027993519664205,0.6296786876833343,0.6323452975810583,0.6389192457254109,0.6222856784040405,0.6293853312652653,0.6499392901451618,0.6718374675428945,0.7088911725706426,0.7342119955052737,0.7420625325432171,0.7643720730795263,0.7615551335857371,0.7829844892334737,0.8169881858070176,0.8284217468835361,0.834652664587706
rotD50,SA,0.07,-0.21593610525539111,0.7338605303892926,0.7473968921195256,0.9801320665048612,0.9839922937045268,0.9841905623292811,0.9893606968898169,1.0,0.9916200220866664,0.9552048759279268,0.9147600417671237,0.8729587514693289,0.7875431730559437,0.7380930004762052,0.6971837862322623,0.6563795020900263,0.625750963792571,0.5912009467973371,0.5801340175430117,0.5761614604910658,0.5844118893194291,0.6096559508286655,0.6127076780079427,0.6243463027696987,0.609282118703738,0.6151557896089043,0.6351290207262705,0.6583062636706264,0.694852641435951,0.7245731753264302,0.7323257724094365,0.7553870529391147,0.7502852041624688,0.7714135456895832,0.803342738957062,0.8127574101152483,0.8193407173673003
rotD50,SA,0.1,-0.2378838186593866,0.7442633350867021,0.7551388740741443,0.985460165584796,0.9872196966602497,0.9802009379150414,0.9863153034701089,0.9916200220866664,1.0,0.9679094448896532,0.932710746982457,0.8931371586353636,0.8099127585178529,0.7606641202694296,0.7172736720180086,0.6712694236786769,0.6375600717906627,0.6031781984011514,0.592598487667842,0.5898629942920924,0.5987707408629989,0.6252818643369179,0.6275795923352934,0.6353279814577102,0.618222760423468,0.6247813092512838,0.6445310141100807,0.6680709301940612,0.7057983097035619,0.732481102098716,0.7430778166949512,0.7654461171568103,0.7606907789145141,0.7828160304348709,0.8113273618407563,0.8231710881554516,0.8301724614825144
rotD50,SA,0.15,-0.22706870965403364,0.8131432324358217,0.8214893475642451,0.984413565450505,0.980252003019423,0.9548697707785254,0.9638162323926156,0.9552048759279268,0.9679094448896532,1.0,0.9721867404838662,0.9311927055183995,0.8586155748815328,0.8273350347422508,0.7941513258663132,0.7559373118140691,0.7247697684831709,0.6939827664814503,0.6840813484076494,0.6823530058724897,0.6917542879785223,0.7156909976343376,0.7123557973280367,0.7094373758553152,0.6871227780381672,0.69109909792226,0.7106506679666768,0.7337388470593037,0.7679899443850505,0.7949020569571962,0.8028894940354446,0.8213541757483191,0.8159774137827397,0.8378380274155337,0.8633013736979241,0.8769471294864802,0.8849979313116104
rotD50,SA,0.2,-0.2434085593034896,0.8326619295791391,0.808655597669562,0.9626113180823178,0.9544348912258354,0.9177972105160715,0.9263314373955444,0.9147600417671237,0.932710746982457,0.9721867404838662,1.0,0.9735936766322969,0.9139160532114949,0.8743976137026043,0.8326094564233567,0.7861138602547962,0.7534702693019178,0.7208723015654627,0.710475985476209,0.7087179694140372,0.7188794266795827,0.7414876644765171,0.7380397857290173,0.7332662328441377,0.7089574143124897,0.7131914765310217,0.7327780742172827,0.7558363594371605,0.7916177456865241,0.813751669742294,0.8166231757377225,0.8307717411927104,0.806423751139859,0.8272816042414711,0.846960375727572,0.861478451689542,0.8703975260322373
rotD50,SA,0.25,-0.23689776175154284,0.8517846281038135,0.7976501421543997,0.9336922378600082,0.9233382428386612,0.8808907765153803,0.8852449887652084,0.8729587514693289,0.8931371586353636,0.9311927055183995,0.9735936766322969,1.0,0.9657522747678843,0.9236308526863741,0.879442420583093,0.8273416303716776,0.7928986907962723,0.7525987029878931,0.7445649324968238,0.7433422852291136,0.7503489752777778,0.7639248525083309,0.7614265083018212,0.7600471684542859,0.7368021455778024,0.7408040895989131,0.7584283291128566,0.7797998884194418,0.8074831061836802,0.8275537956956789,0.8269260105513468,0.839237027458691,0.8035663746779564,0.8205653690984239,0.8361200295061618,0.850882998159183,0.859464554433516
rotD50,SA,0.3,-0.22580550479131625,0.8771130432310266,0.7919831784006275,0.8705654346255506,0.8570541381047773,0.8076721910620759,0.80559475953444,0.7875431730559437,0.8099127585178529,0.8586155748815328,0.9139160532114949,0.9657522747678843,1.0,0.9783131490839049,0.9378854494343877,0.888666893109522,0.858981677891118,0.8222660929800497,0.815911329023221,0.8162624466096482,0.8186083806893139,0.8195457519983675,0.8130350637574105,0.805566598898807,0.7841899918005816,0.7865017705778395,0.8036956385802159,0.8211468133737748,0.83536603088571,0.8454996765388936,0.8343278467626879,0.8436239918508672,0.7933832190126493,0.8078056335769033,0.8155069696816624,0.8312895088763885,0.8392832757585303
rotD50,SA,0.35,-0.21777520428730351,0.9108254907318543,0.8232435907836144,0.8317610345797868,0.8159791324269872,0.7612212346487579,0.7556043877331037,0.7380930004762052,0.7606641202694296,0.8273350347422508,0.8743976137026043,0.9236308526863741,0.9783131490839049,1.0,0.9841919549308552,0.9498320074214192,0.9235231051255618,0.8891768759371667,0.8790061969507464,0.8769461246673048,0.8766783173955854,0.8732525051818073,0.8643626380597491,0.8535474363779676,0.83479274039684,0.8351564327778367,0.8485379718100176,0.8624173053177621,0.8662243083297793,0.8748859957623595,0.8571820160576695,0.8635337557554111,0.816224039575506,0.8269869156075214,0.8285242475841175,0.8438860452181307,0.8514253865415238
rotD50,SA,0.4,-0.2089748931802424,0.9291688407783035,0.8462294019886436,0.7954542666397565,0.7784922476811406,0.7221126432625941,0.7132693387732904,0.6971837862322623,0.7172736720180086,0.7941513258663132,0.8326094564233567,0.879442420583093,0.9378854494343877,0.9841919549308552,1.0,0.9861978807993181,0.965402238440154,0.935397599622108,0.921334604138438,0.917955633184572,0.9156042729230863,0.9093100243374399,0.9002087309251547,0.8864159215337051,0.873613571091702,0.8751789365515465,0.8857888080824272,0.8974950720244508,0.8931881418137003,0.8955232516808955,0.872118950844566,0.8735938973643511,0.8306048115033419,0.8365299077693655,0.8331462014702514,0.847510124630876,0.8552022203270471
rotD50,SA,0.45,-0.22065919206764106,0.94062930687341,0.862737383398212,0.7559659103954215,0.737935320072876,0.6802370692438091,0.6702921294841431,0.6563795020900263,0.6712694236786769,0.7559373118140691,0.7861138602547962,0.8273416303716776,0.888666893109522,0.9498320074214192,0.9861978807993181,1.0,0.991342118606336,0.9701868431917214,0.9560851588097947,0.9512336447686873,0.9476550168885881,0.9385390395470294,0.928664658267141,0.9144309821427348,0.9076263558102894,0.9093078647724264,0.9181851866322426,0.9260203479799762,0.9141389154018066,0.9108828667834202,0.8855269948659565,0.8824828252854432,0.8394193404037616,0.840635124485709,0.8318912705338649,0.8435770155530752,0.8490065125201499
rotD50,SA,0.5,-0.24073706288235378,0.9470585425584879,0.8673262032598023,0.7241588316567675,0.7053537348095823,0.6465075871274724,0.6359994380725339,0.625750963792571,0.6375600717906627,0.7247697684831709,0.7534702693019178,0.7928986907962723,0.858981677891118,0.9235231051255618,0.965402238440154,0.991342118606336,1.0,0.9884561107022578,0.9777109190396558,0.9730492470394478,0.9689503045212823,0.9596385072506574,0.9509545397609075,0.939565584626052,0.9350955713031064,0.9338042306037437,0.938560482203517,0.941477607397549,0.9244059047268863,0.91767934810733,0.8911142293052952,0.8838085640009515,0.8370305862632471,0.8345766825267025,0.8189935304781107,0.8278695862655735,0.8317234414784058
rotD50,SA,0.6,-0.24820897946285092,0.9506525843160051,0.8688464865669946,0.691592577466153,0.6727742737040225,0.6155020203061262,0.6045432295847941,0.5912009467973371,0.6031781984011514,0.6939827664814503,0.7208723015654627,0.7525987029878931,0.8222660929800497,0.8891768759371667,0.935397599622108,0.9701868431917214,0.9884561107022578,1.0,0.9942349354134409,0.9895873225542324,0.9849625721388536,0.9762327885769502,0.9700792922032387,0.959030540157118,0.956071190324488,0.954727809574634,0.9571016153479072,0.9562065324276083,0.9351283446862811,0.9226244885676326,0.8942056505312805,0.8819448928859412,0.8304284685518876,0.8256411214370257,0.8032750268575934,0.8089163177314844,0.8107096278491753
rotD50,SA,0.7,-0.23813546479735476,0.9535299647544492,0.873936732290474,0.6810435851870471,0.6627279230827247,0.6079683584096838,0.5952609211263359,0.5801340175430117,0.592598487667842,0.6840813484076494,0.710475985476209,0.7445649324968238,0.815911329023221,0.8790061969507464,0.921334604138438,0.9560851588097947,0.9777109190396558,0.9942349354134409,1.0,0.9981519580526602,0.9948236513330363,0.9867696217723376,0.9816553326253429,0.9699278229236054,0.9646486907584054,0.960248023064653,0.9619610449378246,0.9593335138412166,0.9350919739183194,0.924510731601007,0.8963549707326427,0.884405150049249,0.8363117708533009,0.8306616631834166,0.8083304086200132,0.812073657854479,0.8111513374251288
rotD50,SA,0.75,-0.22553913613680351,0.9547223297614421,0.8778007310665004,0.6787478451928729,0.6605881767291398,0.6066879772518947,0.593194178592164,0.5761614604910658,0.5898629942920924,0.6823530058724897,0.7087179694140372,0.7433422852291136,0.8162624466096482,0.8769461246673048,0.917955633184572,0.9512336447686873,0.9730492470394478,0.9895873225542324,0.9981519580526602,1.0,0.9982111736568859,0.9910898581152919,0.985642500098633,0.9719890925741246,0.9660591935544928,0.961527554231641,0.9634674560012738,0.9607333476984886,0.9357210470485186,0.9261321668443542,0.8992554415950827,0.888198406529582,0.8437348048986699,0.8384894525256527,0.8154830980881379,0.8180228386527818,0.8156138469893904
rotD50,SA,0.8,-0.20739363737970035,0.956534806026858,0.8822693518725286,0.6866280188249216,0.6689331755042544,0.6165340121849017,0.6027993519664205,0.5844118893194291,0.5987707408629989,0.6917542879785223,0.7188794266795827,0.7503489752777778,0.8186083806893139,0.8766783173955854,0.9156042729230863,0.9476550168885881,0.9689503045212823,0.9849625721388536,0.9948236513330363,0.9982111736568859,1.0,0.995527046482019,0.9903041597478813,0.974423538920235,0.9653112271386654,0.9601836361189605,0.9629268803224728,0.9607756212388309,0.9374727825243703,0.9282741629339004,0.901891823906772,0.8911390700366687,0.8488582070099966,0.8437277820470216,0.8224636403650007,0.8247641231146416,0.8217333985897792
rotD50,SA,0.9,-0.20039049873361034,0.9631081709740602,0.9032179019902219,0.7092637438252735,0.6925436857279123,0.641865831741399,0.6296786876833343,0.6096559508286655,0.6252818643369179,0.7156909976343376,0.7414876644765171,0.7639248525083309,0.8195457519983675,0.8732525051818073,0.9093100243374399,0.9385390395470294,0.9596385072506574,0.9762327885769502,0.9867696217723376,0.9910898581152919,0.995527046482019,1.0,0.9971726965884968,0.9831829555743697,0.9711352599197111,0.9653763832330984,0.9678855105399855,0.966133188913872,0.9452975848841627,0.9354855301270412,0.9123637751578891,0.9010586063071104,0.8663159642300117,0.8623234926340554,0.8447371525075226,0.8462972054408064,0.842639959639168
rotD50,SA,1.0,-0.211563348728295,0.965678775604587,0.9076842152396554,0.7097150061840027,0.6937809111766677,0.645191752082073,0.6323452975810583,0.6127076780079427,0.6275795923352934,0.7123557973280367,0.7380397857290173,0.7614265083018212,0.8130350637574105,0.8643626380597491,0.9002087309251547,0.928664658267141,0.9509545397609075,0.9700792922032387,0.9816553326253429,0.985642500098633,0.9903041597478813,0.9971726965884968,1.0,0.9910012709536368,0.9798436313966515,0.9743994496718655,0.9742690876751096,0.9714484740457802,0.9505795663995097,0.9394132652412089,0.9155161307084287,0.9032967266239542,0.8705817708315471,0.8653892932403332,0.8474847747723553,0.8479613585940219,0.8446238825335589
rotD50,SA,1.2,-0.23814664216311174,0.9673777726336239,0.9115801495214768,0.713445776884484,0.6983392375859605,0.6509070704701871,0.6389192457254109,0.6243463027696987,0.6353279814577102,0.7094373758553152,0.7332662328441377,0.7600471684542859,0.805566598898807,0.8535474363779676,0.8864159215337051,0.9144309821427348,0.939565584626052,0.959030540157118,0.9699278229236054,0.9719890925741246,0.974423538920235,0.9831829555743697,0.9910012709536368,1.0,0.9939277398113239,0.9875985068334452,0.9832989091131403,0.9780318249486277,0.9570748589222218,0.9446162436129631,0.9215060156085737,0.9077726484827108,0.8753524240712437,0.8691339392933577,0.8485878533624659,0.8465234837505102,0.8421336627620174
rotD50,SA,1.4,-0.2545527877991522,0.963542333699437,0.9092402725112131,0.6961802672892422,0.681061630248595,0.6339860655227871,0.6222856784040405,0.609282118703738,0.618222760423468,0.6871227780381672,0.7089574143124897,0.7368021455778024,0.7841899918005816,0.83479274039684,0.873613571091702,0.9076263558102894,0.9350955713031064,0.956071190324488,0.9646486907584054,0.9660591935544928,0.9653112271386654,0.9711352599197111,0.9798436313966515,0.9939277398113239,1.0,0.9964490794508112,0.990601930571732,0.9836515293348668,0.9607728804545791,0.9479937547956611,0.9254463286608408,0.9104142589805156,0.8771472928346379,0.8671022048935406,0.8434252341992061,0.8390419485298044,0.8335530656502791
rotD50,SA,1.6,-0.2583631933741551,0.9680388288150912,0.9176479242936476,0.7025285430904933,0.687331941963536,0.6401670637994565,0.6293853312652653,0.6151557896089043,0.6247813092512838,0.69109909792226,0.7131914765310217,0.7408040895989131,0.7865017705778395,0.8351564327778367,0.8751789365515465,0.9093078647724264,0.9338042306037437,0.954727809574634,0.960248023064653,0.961527554231641,0.9601836361189605,0.9653763832330984,0.9743994496718655,0.9875985068334452,0.9964490794508112,1.0,0.9964766811856701,0.9909632406233964,0.9714259860590435,0.9581608439966227,0.9369915232168925,0.9213063074718092,0.888904621275353,0.8787053648258267,0.8551717734611176,0.8493165728197407,0.843631158620862
rotD50,SA,1.8,-0.2604262618933723,0.9754939306707167,0.9312520177211844,0.721976281970187,0.7068968072952916,0.6606833759053934,0.6499392901451618,0.6351290207262705,0.6445310141100807,0.7106506679666768,0.7327780742172827,0.7584283291128566,0.8036956385802159,0.8485379718100176,0.8857888080824272,0.9181851866322426,0.938560482203517,0.9571016153479072,0.9619610449378246,0.9634674560012738,0.9629268803224728,0.9678855105399855,0.9742690876751096,0.9832989091131403,0.990601930571732,0.9964766811856701,1.0,0.9973115000832228,0.9818050325807512,0.9673566781314712,0.9490146090775685,0.9333698307353893,0.9039665236093067,0.8943968904382149,0.8734682417252895,0.8685705620724096,0.8622509259190474
rotD50,SA,2.0,-0.2610911658440797,0.9798226439011581,0.9424249938965678,0.7446336055379691,0.7295736489263959,0.6822044629121762,0.6718374675428945,0.6583062636706264,0.6680709301940612,0.7337388470593037,0.7558363594371605,0.7797998884194418,0.8211468133737748,0.8624173053177621,0.8974950720244508,0.9260203479799762,0.941477607397549,0.9562065324276083,0.9593335138412166,0.9607333476984886,0.9607756212388309,0.966133188913872,0.9714484740457802,0.9780318249486277,0.9836515293348668,0.9909632406233964,0.9973115000832228,1.0,0.9900427051769168,0.9756190692527813,0.9596902893635961,0.9461698392448983,0.9203558830621641,0.9111764727859706,0.8910850534045216,0.8858316131091308,0.8800653342436274
rotD50,SA,2.5,-0.278930806710634,0.9804534008534629,0.9554648126336561,0.7784871482058721,0.7640661175035985,0.7174727296197522,0.7088911725706426,0.694852641435951,0.7057983097035619,0.7679899443850505,0.7916177456865241,0.8074831061836802,0.83536603088571,0.8662243083297793,0.8931881418137003,0.9141389154018066,0.9244059047268863,0.9351283446862811,0.9350919739183194,0.9357210470485186,0.9374727825243703,0.9452975848841627,0.9505795663995097,0.9570748589222218,0.9607728804545791,0.9714259860590435,0.9818050325807512,0.9900427051769168,1.0,0.9878956475901056,0.9744746047064482,0.9638935167556412,0.94406970894058,0.9363165241998458,0.9155405312132974,0.9091608474605711,0.9031390396893585
rotD50,SA,3.0,-0.3193796797918627,0.9868319714707838,0.9754262833037322,0.8033044926395824,0.7889534454655548,0.740476854895588,0.7342119955052737,0.7245731753264302,0.732481102098716,0.7949020569571962,0.813751669742294,0.8275537956956789,0.8454996765388936,0.8748859957623595,0.8955232516808955,0.9108828667834202,0.91767934810733,0.9226244885676326,0.924510731601007,0.9261321668443542,0.9282741629339004,0.9354855301270412,0.9394132652412089,0.9446162436129631,0.9479937547956611,0.9581608439966227,0.9673566781314712,0.9756190692527813,0.9878956475901056,1.0,0.9926761389325051,0.9880612296299492,0.9727537329768119,0.9660523107312364,0.9501339540215904,0.9423565687434027,0.935598514967098
rotD50,SA,3.5,-0.34073369242388857,0.9773267156599375,0.9794226190476445,0.8085051028503061,0.7940970548162094,0.7449587317196302,0.7420625325432171,0.7323257724094365,0.7430778166949512,0.8028894940354446,0.8166231757377225,0.8269260105513468,0.8343278467626879,0.8571820160576695,0.872118950844566,0.8855269948659565,0.8911142293052952,0.8942056505312805,0.8963549707326427,0.8992554415950827,0.901891823906772,0.9123637751578891,0.9155161307084287,0.9215060156085737,0.9254463286608408,0.9369915232168925,0.9490146090775685,0.9596902893635961,0.9744746047064482,0.9926761389325051,1.0,0.9962123377974733,0.9839185849124576,0.9785683616327868,0.9636247059585906,0.956562421873442,0.9490900883895013
rotD50,SA,4.0,-0.3523922233223677,0.9719929155495178,0.9783957584086235,0.8280665519456776,0.8145169811126846,0.7674886781401175,0.7643720730795263,0.7553870529391147,0.7654461171568103,0.8213541757483191,0.8307717411927104,0.839237027458691,0.8436239918508672,0.8635337557554111,0.8735938973643511,0.8824828252854432,0.8838085640009515,0.8819448928859412,0.884405150049249,0.888198406529582,0.8911390700366687,0.9010586063071104,0.9032967266239542,0.9077726484827108,0.9104142589805156,0.9213063074718092,0.9333698307353893,0.9461698392448983,0.9638935167556412,0.9880612296299492,0.9962123377974733,1.0,0.9903146147461133,0.9870711750251813,0.9743192369297867,0.9670740124014132,0.9598593256694866
rotD50,SA,4.5,-0.3600875499542936,0.9521803378917663,0.9862813651955271,0.8193092990882251,0.8070752793875873,0.7653098802762839,0.7615551335857371,0.7502852041624688,0.7606907789145141,0.8159774137827397,0.806423751139859,0.8035663746779564,0.7933832190126493,0.816224039575506,0.8306048115033419,0.8394193404037616,0.8370305862632471,0.8304284685518876,0.8363117708533009,0.8437348048986699,0.8488582070099966,0.8663159642300117,0.8705817708315471,0.8753524240712437,0.8771472928346379,0.888904621275353,0.9039665236093067,0.9203558830621641,0.94406970894058,0.9727537329768119,0.9839185849124576,0.9903146147461133,1.0,0.9974416567618991,0.9884202125755503,0.9811651582874219,0.9731454535929777
rotD50,SA,5.0,-0.3664903286071379,0.9501218642078199,0.9860824787827782,0.839911749949207,0.8280208952443069,0.7867855693874736,0.7829844892334737,0.7714135456895832,0.7828160304348709,0.8378380274155337,0.8272816042414711,0.8205653690984239,0.8078056335769033,0.8269869156075214,0.8365299077693655,0.840635124485709,0.8345766825267025,0.8256411214370257,0.8306616631834166,0.8384894525256527,0.8437277820470216,0.8623234926340554,0.8653892932403332,0.8691339392933577,0.8671022048935406,0.8787053648258267,0.8943968904382149,0.9111764727859706,0.9363165241998458,0.9660523107312364,0.9785683616327868,0.9870711750251813,0.9974416567618991,1.0,0.9935859218468581,0.98793053717586,0.9811452044299682
rotD50,SA,6.0,-0.34403826930646897,0.9419507428884236,0.9847569841052246,0.8673635331719585,0.8573170898671496,0.8220310631195435,0.8169881858070176,0.803342738957062,0.8113273618407563,0.8633013736979241,0.846960375727572,0.8361200295061618,0.8155069696816624,0.8285242475841175,0.8331462014702514,0.8318912705338649,0.8189935304781107,0.8032750268575934,0.8083304086200132,0.8154830980881379,0.8224636403650007,0.8447371525075226,0.8474847747723553,0.8485878533624659,0.8434252341992061,0.8551717734611176,0.8734682417252895,0.8910850534045216,0.9155405312132974,0.9501339540215904,0.9636247059585906,0.9743192369297867,0.9884202125755503,0.9935859218468581,1.0,0.9974096971600239,0.9929473650082875
rotD50,SA,7.0,-0.3474388933293869,0.9427267339350285,0.9823240493479906,0.8796409522211146,0.869399178374221,0.8337349776115235,0.8284217468835361,0.8127574101152483,0.8231710881554516,0.8769471294864802,0.861478451689542,0.850882998159183,0.8312895088763885,0.8438860452181307,0.847510124630876,0.8435770155530752,0.8278695862655735,0.8089163177314844,0.812073657854479,0.8180228386527818,0.8247641231146416,0.8462972054408064,0.8479613585940219,0.8465234837505102,0.8390419485298044,0.8493165728197407,0.8685705620724096,0.8858316131091308,0.9091608474605711,0.9423565687434027,0.956562421873442,0.9670740124014132,0.9811651582874219,0.98793053717586,0.9974096971600239,1.0,0.9980603679414525
rotD50,SA,8.0,-0.36290590688828306,0.9408643504674338,0.9781222800839156,0.8878308108190122,0.8775526032798512,0.840726571472914,0.834652664587706,0.8193407173673003,0.8301724614825144,0.8849979313116104,0.8703975260322373,0.859464554433516,0.8392832757585303,0.8514253865415238,0.8552022203270471,0.8490065125201499,0.8317234414784058,0.8107096278491753,0.8111513374251288,0.8156138469893904,0.8217333985897792,0.842639959639168,0.8446238825335589,0.8421336627620174,0.8335530656502791,0.843631158620862,0.8622509259190474,0.8800653342436274,0.9031390396893585,0.935598514967098,0.9490900883895013,0.9598593256694866,0.9731454535929777,0.9811452044299682,0.9929473650082875,0.9980603679414525,1.0
