,SA(0.01),SA(0.02),SA(0.022),SA(0.025),SA(0.029),SA(0.03),SA(0.032),SA(0.035),SA(0.036),SA(0.04),SA(0.042),SA(0.044),SA(0.045),SA(0.046),SA(0.048),SA(0.05),SA(0.055),SA(0.06),SA(0.065),SA(0.067),SA(0.07),SA(0.075),SA(0.08),SA(0.085),SA(0.09),SA(0.095),SA(0.1),SA(0.11),SA(0.12),SA(0.13),SA(0.133),SA(0.14),SA(0.15),SA(0.16),SA(0.17),SA(0.18),SA(0.19),SA(0.2),SA(0.22),SA(0.24),SA(0.25),SA(0.26),SA(0.28),SA(0.29),SA(0.3),SA(0.32),SA(0.34),SA(0.35),SA(0.36),SA(0.38),SA(0.4),SA(0.42),SA(0.44),SA(0.45),SA(0.46),SA(0.48),SA(0.5),SA(0.55),SA(0.6),SA(0.65),SA(0.667),SA(0.7),SA(0.75),SA(0.8),SA(0.85),SA(0.9),SA(0.95),SA(1.0),SA(1.1),SA(1.2),SA(1.3),SA(1.4),SA(1.5),SA(1.6),SA(1.7),SA(1.8),SA(1.9),SA(2.0),SA(2.2),SA(2.4),SA(2.5),SA(2.6),SA(2.8),SA(3.0),SA(3.2),SA(3.4),SA(3.5),SA(3.6),SA(3.8),SA(4.0),SA(4.2),SA(4.4),SA(4.6),SA(4.8),SA(5.0),SA(5.5),SA(6.0),SA(6.5),SA(7.0),SA(7.5),SA(8.0),SA(8.5),SA(9.0),SA(9.5),SA(10.0),RSD575,RSD595,PGA,PGV
SA(0.01),1,0.99861,0.99776,0.99585,0.99205,0.99065,0.98761,0.98219,0.9801,0.97388,0.96976,0.96554,0.96297,0.96008,0.95481,0.95059,0.93949,0.92698,0.91392,0.90888,0.90152,0.89058,0.88435,0.87916,0.874,0.8707,0.86856,0.87103,0.87317,0.88166,0.88266,0.88638,0.88901,0.88965,0.88971,0.89007,0.89008,0.89,0.8882,0.87856,0.87023,0.86316,0.85007,0.844,0.8389,0.82922,0.81811,0.81174,0.80457,0.78873,0.77726,0.76595,0.75456,0.74943,0.74517,0.73419,0.72367,0.69373,0.67121,0.64986,0.64559,0.63334,0.61545,0.59779,0.58384,0.56984,0.55342,0.53904,0.51425,0.50134,0.49094,0.48357,0.46642,0.46214,0.44857,0.43366,0.42672,0.41928,0.41326,0.40755,0.41245,0.40994,0.4075,0.40302,0.39714,0.39517,0.39248,0.38955,0.38198,0.38947,0.38925,0.3848,0.38225,0.37575,0.37188,0.36137,0.35445,0.34616,0.35188,0.34449,0.35747,0.36164,0.35231,0.34337,0.31116,-0.47518,-0.46184,0.9999,0.66832
SA(0.02),0.99861,1,0.99964,0.99829,0.99518,0.99409,0.99154,0.98647,0.98442,0.97842,0.97436,0.97031,0.96787,0.96515,0.96022,0.95599,0.94517,0.93271,0.91967,0.91462,0.90719,0.89615,0.88931,0.88361,0.87819,0.8746,0.87216,0.87396,0.87516,0.88252,0.88333,0.88625,0.88777,0.88772,0.88706,0.8867,0.88632,0.88612,0.88387,0.87371,0.86505,0.85764,0.84403,0.83793,0.83279,0.82257,0.81116,0.80473,0.79747,0.7814,0.76988,0.75847,0.74658,0.74147,0.73722,0.72618,0.71552,0.68563,0.66312,0.64198,0.63772,0.62557,0.60778,0.59047,0.57648,0.56241,0.54592,0.5314,0.50651,0.49382,0.48388,0.47672,0.45922,0.4548,0.44092,0.42615,0.41959,0.41281,0.40732,0.40222,0.40737,0.40528,0.40324,0.399,0.39343,0.39142,0.38885,0.386,0.37851,0.38655,0.38647,0.38196,0.37946,0.37317,0.36933,0.35895,0.35157,0.34269,0.34842,0.34071,0.35464,0.35864,0.34908,0.34047,0.30918,-0.47299,-0.46261,0.99847,0.66457
SA(0.022),0.99776,0.99964,1,0.99914,0.99644,0.99546,0.99305,0.98803,0.98601,0.98009,0.97609,0.97213,0.96972,0.96702,0.96223,0.95809,0.94738,0.93509,0.92225,0.91716,0.90963,0.89876,0.89193,0.88604,0.88052,0.87703,0.8746,0.87589,0.87688,0.88394,0.88465,0.88719,0.88822,0.88797,0.88708,0.88624,0.88546,0.88483,0.88224,0.87176,0.86285,0.85516,0.84094,0.83457,0.8292,0.81851,0.80686,0.80025,0.79288,0.77673,0.7651,0.75351,0.74142,0.73625,0.732,0.72095,0.71028,0.68043,0.65768,0.63657,0.63244,0.62048,0.60287,0.58545,0.57145,0.55727,0.54066,0.52597,0.50099,0.48853,0.4788,0.4718,0.45439,0.44995,0.43655,0.422,0.4156,0.40907,0.40369,0.39886,0.40421,0.40226,0.40037,0.39639,0.39106,0.38909,0.38652,0.38374,0.37628,0.38452,0.38479,0.3805,0.37838,0.37227,0.36868,0.35863,0.35125,0.34198,0.34808,0.34037,0.35439,0.35817,0.34851,0.33988,0.30874,-0.46956,-0.46122,0.99759,0.66174
SA(0.025),0.99585,0.99829,0.99914,1,0.99829,0.9975,0.99556,0.99101,0.98921,0.98365,0.97989,0.97599,0.97363,0.97107,0.96649,0.9624,0.95173,0.93974,0.92682,0.92162,0.91402,0.90313,0.89612,0.89037,0.88478,0.88107,0.87835,0.87863,0.87894,0.88516,0.8856,0.88749,0.88766,0.88673,0.88532,0.88374,0.88227,0.88103,0.87718,0.86589,0.85635,0.84813,0.83344,0.82687,0.82129,0.81001,0.79808,0.79118,0.78363,0.76752,0.75603,0.74435,0.73176,0.72644,0.72205,0.71077,0.70002,0.67036,0.6475,0.62623,0.62222,0.61035,0.59281,0.57536,0.56163,0.54761,0.53092,0.51622,0.49141,0.47978,0.47043,0.46387,0.44669,0.44254,0.42925,0.41495,0.40891,0.40263,0.39761,0.39324,0.39926,0.39752,0.39595,0.39213,0.38716,0.38522,0.38289,0.38023,0.37295,0.38199,0.38307,0.37891,0.37718,0.3713,0.3672,0.35798,0.3507,0.3412,0.3473,0.33954,0.35373,0.35725,0.34756,0.33899,0.30795,-0.46575,-0.4583,0.99566,0.65589
SA(0.029),0.99205,0.99518,0.99644,0.99829,1,0.99979,0.99857,0.99515,0.99381,0.98903,0.98586,0.98243,0.98029,0.97796,0.97376,0.96986,0.95912,0.94741,0.9348,0.9297,0.92206,0.91074,0.90318,0.89716,0.89106,0.88647,0.88331,0.88205,0.88089,0.88527,0.88527,0.88613,0.88525,0.88332,0.88124,0.87868,0.87607,0.87396,0.86856,0.8557,0.84566,0.83699,0.82191,0.81513,0.80935,0.79745,0.78517,0.77802,0.77033,0.75429,0.74279,0.73106,0.71821,0.71274,0.70811,0.69629,0.68535,0.65543,0.633,0.61166,0.60774,0.59603,0.57821,0.56028,0.54662,0.53272,0.51606,0.50144,0.47676,0.46624,0.45756,0.45128,0.43405,0.43035,0.41746,0.40338,0.39803,0.39162,0.38749,0.38397,0.39041,0.38915,0.38853,0.38509,0.38054,0.37828,0.37624,0.37364,0.36664,0.37702,0.37849,0.37457,0.37289,0.36724,0.36283,0.35468,0.34763,0.33805,0.34407,0.33627,0.34947,0.35334,0.34322,0.33468,0.30346,-0.4586,-0.45592,0.99183,0.64784
SA(0.03),0.99065,0.99409,0.99546,0.9975,0.99979,1,0.99918,0.99603,0.99477,0.9902,0.98717,0.98386,0.98182,0.97956,0.97545,0.97154,0.96074,0.94914,0.93658,0.93149,0.92383,0.91248,0.90477,0.89869,0.89246,0.88769,0.88437,0.88271,0.88126,0.88513,0.88506,0.88559,0.88436,0.88213,0.87982,0.87692,0.8741,0.8719,0.86602,0.85278,0.84256,0.83372,0.8183,0.81141,0.8055,0.79341,0.78112,0.77394,0.76626,0.75027,0.73869,0.72694,0.71403,0.70854,0.70384,0.69191,0.68088,0.65097,0.62869,0.60727,0.60327,0.5915,0.57372,0.55579,0.5421,0.5282,0.51162,0.497,0.47228,0.46194,0.45337,0.44708,0.42983,0.4263,0.4134,0.39944,0.39428,0.38802,0.38414,0.38105,0.38766,0.38659,0.38615,0.38278,0.37824,0.3759,0.37387,0.37133,0.36445,0.37496,0.37637,0.37253,0.37089,0.36532,0.36084,0.35291,0.34582,0.33636,0.34236,0.33444,0.34725,0.35122,0.34092,0.33245,0.30107,-0.45622,-0.45422,0.99042,0.64457
SA(0.032),0.98761,0.99154,0.99305,0.99556,0.99857,0.99918,1,0.99805,0.99705,0.99302,0.99031,0.98728,0.9854,0.98338,0.97956,0.97592,0.96535,0.95394,0.94164,0.93664,0.92913,0.91792,0.90984,0.90368,0.89715,0.89194,0.88817,0.88545,0.88317,0.88579,0.88548,0.88547,0.88355,0.88052,0.87754,0.87386,0.87052,0.86776,0.86084,0.84643,0.83565,0.82616,0.80996,0.80285,0.79677,0.7844,0.77173,0.76428,0.75635,0.7401,0.72823,0.71617,0.70304,0.69746,0.69271,0.68053,0.6692,0.63901,0.61678,0.59538,0.5915,0.57983,0.56221,0.54422,0.53063,0.51681,0.50027,0.48547,0.46087,0.45095,0.44276,0.43657,0.41941,0.41612,0.40334,0.38958,0.38482,0.37838,0.37514,0.37284,0.37981,0.37914,0.37929,0.376,0.37159,0.36941,0.36729,0.36484,0.35822,0.36851,0.36991,0.36593,0.36443,0.35916,0.35499,0.34709,0.33958,0.32957,0.33525,0.32716,0.3398,0.34391,0.33331,0.32478,0.29302,-0.45211,-0.45201,0.98743,0.63595
SA(0.035),0.98219,0.98647,0.98803,0.99101,0.99515,0.99603,0.99805,1,0.99966,0.99639,0.99411,0.99146,0.98985,0.98814,0.9845,0.98103,0.97077,0.95966,0.94773,0.94302,0.936,0.92493,0.91646,0.91015,0.90311,0.89734,0.89316,0.88946,0.8862,0.88674,0.88601,0.88515,0.88234,0.87788,0.87396,0.86875,0.864,0.86036,0.85193,0.83596,0.8246,0.81462,0.79809,0.79059,0.78408,0.7713,0.75804,0.7502,0.74189,0.72513,0.71288,0.70043,0.68726,0.68176,0.67713,0.66475,0.65302,0.62208,0.59995,0.57843,0.57452,0.56274,0.54496,0.52715,0.51396,0.50013,0.48368,0.46904,0.44411,0.43432,0.42629,0.42043,0.40351,0.40085,0.38798,0.37488,0.37085,0.36425,0.36205,0.36086,0.3686,0.36841,0.36909,0.3656,0.36112,0.35901,0.35716,0.35477,0.34837,0.35886,0.36015,0.3562,0.35514,0.3501,0.34552,0.33755,0.33015,0.31951,0.32477,0.31665,0.32877,0.33308,0.322,0.3132,0.28046,-0.44628,-0.44827,0.98203,0.62337
SA(0.036),0.9801,0.98442,0.98601,0.98921,0.99381,0.99477,0.99705,0.99966,1,0.99733,0.99522,0.99276,0.99124,0.98961,0.98607,0.98262,0.97254,0.96166,0.94989,0.94528,0.93838,0.92728,0.91866,0.91237,0.90522,0.89931,0.89501,0.89099,0.8874,0.88719,0.88628,0.88513,0.88198,0.87711,0.87279,0.86705,0.86175,0.85779,0.84874,0.83213,0.82045,0.81018,0.79341,0.78576,0.77912,0.76622,0.75273,0.74475,0.73632,0.71951,0.70721,0.69459,0.68131,0.67577,0.67113,0.65873,0.64693,0.61585,0.5937,0.57204,0.5681,0.55635,0.53864,0.52077,0.5077,0.49406,0.47766,0.46309,0.43816,0.42866,0.42076,0.41493,0.39794,0.39547,0.38257,0.36967,0.36587,0.35932,0.35752,0.35665,0.36473,0.36463,0.36551,0.36198,0.35758,0.35538,0.35368,0.35132,0.34511,0.35589,0.35713,0.35317,0.35218,0.34715,0.34234,0.33453,0.32716,0.31662,0.32187,0.31383,0.32571,0.33002,0.31879,0.30989,0.27666,-0.44488,-0.44698,0.97993,0.6183
SA(0.04),0.97388,0.97842,0.98009,0.98365,0.98903,0.9902,0.99302,0.99639,0.99733,1,0.99886,0.99685,0.99556,0.99413,0.99105,0.98815,0.97938,0.96943,0.95827,0.95406,0.94767,0.93677,0.92793,0.92153,0.91367,0.90725,0.90258,0.8972,0.89257,0.8907,0.88933,0.8873,0.88264,0.87615,0.87019,0.86295,0.85646,0.85125,0.83997,0.82137,0.80905,0.79827,0.78024,0.77201,0.76491,0.75091,0.73672,0.72861,0.72,0.7028,0.69022,0.67727,0.66354,0.65768,0.65283,0.64016,0.62801,0.5964,0.57368,0.55236,0.54843,0.53646,0.51846,0.50059,0.48777,0.47443,0.45797,0.44349,0.41899,0.40972,0.40216,0.39649,0.37932,0.37679,0.3635,0.35093,0.3475,0.34092,0.33959,0.33996,0.34868,0.34914,0.35074,0.34699,0.34311,0.34125,0.34003,0.33803,0.33241,0.34342,0.34502,0.3409,0.34012,0.33521,0.33037,0.32198,0.31518,0.3051,0.31002,0.30195,0.31264,0.31765,0.30583,0.29679,0.26221,-0.43761,-0.43948,0.97372,0.60171
SA(0.042),0.96976,0.97436,0.97609,0.97989,0.98586,0.98717,0.99031,0.99411,0.99522,0.99886,1,0.99895,0.99791,0.9967,0.99397,0.9913,0.98309,0.9735,0.96264,0.95852,0.9521,0.94143,0.93251,0.92622,0.91861,0.91196,0.90702,0.90082,0.89548,0.89282,0.89125,0.88865,0.88333,0.87586,0.8691,0.861,0.85339,0.84738,0.83499,0.81545,0.80255,0.79119,0.7726,0.76406,0.75686,0.74232,0.72759,0.71926,0.71033,0.69264,0.67957,0.66615,0.65214,0.64618,0.64124,0.62839,0.61602,0.58373,0.56089,0.53984,0.53603,0.52395,0.50602,0.48825,0.47554,0.4623,0.44592,0.4316,0.40743,0.39829,0.39086,0.38534,0.36785,0.36541,0.35216,0.33971,0.33653,0.32985,0.32895,0.32994,0.33881,0.3395,0.34145,0.33778,0.33406,0.33221,0.33121,0.3293,0.32389,0.33482,0.33665,0.33265,0.33157,0.32677,0.32187,0.3128,0.30586,0.29564,0.30016,0.29162,0.3018,0.30747,0.29583,0.28699,0.25204,-0.43481,-0.43684,0.9696,0.5902
SA(0.044),0.96554,0.97031,0.97213,0.97599,0.98243,0.98386,0.98728,0.99146,0.99276,0.99685,0.99895,1,0.99967,0.99884,0.99643,0.9939,0.98661,0.97759,0.96722,0.96325,0.95686,0.94623,0.93744,0.93116,0.92362,0.91689,0.91174,0.90526,0.89934,0.89562,0.8937,0.89028,0.88452,0.87638,0.86879,0.86003,0.85157,0.84497,0.83131,0.81085,0.7974,0.78557,0.76591,0.75692,0.74956,0.73465,0.71925,0.71061,0.70146,0.68355,0.6702,0.65648,0.64224,0.63608,0.63094,0.6178,0.6053,0.57235,0.54932,0.52818,0.52445,0.51242,0.49432,0.47635,0.46367,0.45056,0.43419,0.41982,0.39583,0.38697,0.37973,0.37474,0.35735,0.35484,0.34183,0.3295,0.32663,0.31981,0.31925,0.32065,0.32959,0.33041,0.33279,0.32909,0.32548,0.32361,0.32263,0.32091,0.3159,0.3268,0.32876,0.32502,0.32369,0.31899,0.31433,0.30501,0.29807,0.28813,0.29217,0.28344,0.29326,0.29884,0.28715,0.27831,0.24274,-0.43077,-0.43339,0.96536,0.57873
SA(0.045),0.96297,0.96787,0.96972,0.97363,0.98029,0.98182,0.9854,0.98985,0.99124,0.99556,0.99791,0.99967,1,0.99963,0.99753,0.9951,0.98826,0.97963,0.96956,0.96566,0.95929,0.94868,0.93988,0.93364,0.92619,0.91926,0.91409,0.90749,0.90129,0.89687,0.89477,0.89089,0.88482,0.87637,0.86834,0.85907,0.85015,0.84323,0.82902,0.8079,0.79418,0.78213,0.76188,0.75267,0.74517,0.72997,0.71422,0.70543,0.69615,0.67815,0.6647,0.65093,0.63658,0.63033,0.62503,0.61171,0.5991,0.56591,0.54267,0.52125,0.51753,0.50548,0.48711,0.46908,0.45648,0.4434,0.427,0.4126,0.38865,0.37993,0.37272,0.36797,0.35071,0.34818,0.33515,0.32298,0.32029,0.31341,0.31305,0.31468,0.32366,0.3246,0.32728,0.3236,0.32002,0.31823,0.31739,0.3158,0.31104,0.32186,0.32377,0.32022,0.31879,0.31409,0.30935,0.30005,0.29322,0.28364,0.28742,0.27864,0.28833,0.29374,0.28225,0.27365,0.23796,-0.42835,-0.43147,0.96277,0.57211
SA(0.046),0.96008,0.96515,0.96702,0.97107,0.97796,0.97956,0.98338,0.98814,0.98961,0.99413,0.9967,0.99884,0.99963,1,0.99866,0.99641,0.98983,0.98156,0.9718,0.96793,0.96161,0.95105,0.94223,0.93597,0.92855,0.9214,0.9161,0.90929,0.90287,0.89773,0.89542,0.89105,0.88459,0.87578,0.86737,0.85764,0.84837,0.84118,0.82649,0.80465,0.79063,0.77831,0.75763,0.74828,0.7407,0.72524,0.70899,0.69997,0.69049,0.6722,0.65862,0.64473,0.63021,0.62384,0.61843,0.60503,0.59241,0.55912,0.53583,0.51429,0.51057,0.49842,0.47987,0.46184,0.44929,0.43617,0.41968,0.40524,0.38135,0.37288,0.36578,0.36129,0.34414,0.34158,0.32856,0.31655,0.31405,0.30704,0.30694,0.30892,0.318,0.31907,0.3218,0.31809,0.31465,0.31291,0.31217,0.31069,0.30603,0.31647,0.31831,0.31469,0.31316,0.30858,0.30403,0.29478,0.28807,0.27856,0.28212,0.27332,0.28338,0.28857,0.27709,0.26863,0.23298,-0.42647,-0.42999,0.95989,0.56553
SA(0.048),0.95481,0.96022,0.96223,0.96649,0.97376,0.97545,0.97956,0.9845,0.98607,0.99105,0.99397,0.99643,0.99753,0.99866,1,0.99882,0.99252,0.98465,0.97527,0.97146,0.96525,0.95482,0.94593,0.93954,0.93226,0.92488,0.91925,0.91153,0.90482,0.899,0.89645,0.89138,0.88426,0.87462,0.86575,0.8555,0.84547,0.8372,0.82185,0.79911,0.78455,0.77183,0.75081,0.74138,0.73375,0.71785,0.70134,0.69208,0.68242,0.66387,0.6498,0.63545,0.62047,0.61384,0.6081,0.59436,0.58162,0.54797,0.5242,0.50276,0.49901,0.48674,0.46799,0.44994,0.43747,0.42443,0.40782,0.39322,0.36947,0.36129,0.35475,0.35064,0.33342,0.33063,0.3179,0.30584,0.30361,0.29639,0.29687,0.29899,0.30812,0.30941,0.31208,0.30839,0.3052,0.30348,0.30259,0.30124,0.29676,0.30726,0.30901,0.30543,0.30363,0.29917,0.29499,0.28597,0.27901,0.26958,0.27311,0.2642,0.27453,0.27909,0.26766,0.2598,0.22437,-0.4217,-0.42686,0.95465,0.55392
SA(0.05),0.95059,0.95599,0.95809,0.9624,0.96986,0.97154,0.97592,0.98103,0.98262,0.98815,0.9913,0.9939,0.9951,0.99641,0.99882,1,0.99492,0.98729,0.97835,0.97467,0.96868,0.95856,0.94957,0.94307,0.93583,0.92841,0.92255,0.91407,0.90678,0.90043,0.8976,0.89218,0.88469,0.87461,0.86511,0.85454,0.84385,0.83453,0.81819,0.79468,0.77944,0.76625,0.74489,0.73541,0.72762,0.71141,0.69464,0.68525,0.67546,0.65657,0.64199,0.62717,0.61177,0.60494,0.59905,0.58522,0.57235,0.5381,0.51401,0.49267,0.48906,0.47681,0.45797,0.43982,0.42751,0.41461,0.39778,0.3832,0.35953,0.35093,0.34429,0.34015,0.32298,0.3201,0.30804,0.29587,0.29362,0.2859,0.28654,0.28867,0.29804,0.29955,0.30261,0.29888,0.29584,0.29439,0.29347,0.29217,0.28775,0.2981,0.29992,0.29636,0.2945,0.28987,0.28567,0.27681,0.26964,0.26043,0.26415,0.25537,0.26504,0.26971,0.25858,0.2507,0.21535,-0.4165,-0.42442,0.95041,0.54313
SA(0.055),0.93949,0.94517,0.94738,0.95173,0.95912,0.96074,0.96535,0.97077,0.97254,0.97938,0.98309,0.98661,0.98826,0.98983,0.99252,0.99492,1,0.99461,0.98709,0.98393,0.97852,0.96925,0.96054,0.95393,0.94647,0.939,0.93315,0.92388,0.91457,0.90621,0.9028,0.89625,0.88648,0.87449,0.86249,0.85097,0.83885,0.82798,0.80958,0.78502,0.76866,0.75487,0.73301,0.72315,0.71461,0.69647,0.6789,0.66921,0.65886,0.63935,0.62412,0.60834,0.59176,0.58437,0.57798,0.56348,0.54997,0.51413,0.48773,0.46522,0.46152,0.44914,0.42974,0.41138,0.39887,0.38602,0.36892,0.35375,0.33,0.32061,0.31365,0.30962,0.29326,0.29057,0.27929,0.26715,0.26492,0.25676,0.25748,0.2606,0.27016,0.27185,0.27539,0.27183,0.26806,0.2669,0.26617,0.26545,0.26153,0.27111,0.27292,0.27003,0.26828,0.26389,0.25967,0.25234,0.24502,0.23585,0.23951,0.23107,0.23719,0.24199,0.23195,0.22488,0.18976,-0.4097,-0.41736,0.9392,0.51088
SA(0.06),0.92698,0.93271,0.93509,0.93974,0.94741,0.94914,0.95394,0.95966,0.96166,0.96943,0.9735,0.97759,0.97963,0.98156,0.98465,0.98729,0.99461,1,0.99486,0.99215,0.98764,0.97963,0.97117,0.96464,0.95707,0.9495,0.94394,0.93349,0.92229,0.91134,0.90749,0.9,0.8881,0.87408,0.86035,0.8472,0.83299,0.82024,0.79977,0.77363,0.75631,0.74186,0.71769,0.70661,0.69727,0.67812,0.66039,0.65037,0.63911,0.61873,0.60247,0.58573,0.56881,0.56136,0.55503,0.54041,0.52664,0.48884,0.4612,0.4386,0.43452,0.42144,0.40106,0.38256,0.36978,0.35637,0.33912,0.32366,0.29921,0.2901,0.2828,0.27851,0.2623,0.26058,0.25,0.23829,0.23591,0.22727,0.22868,0.23266,0.2426,0.24456,0.24817,0.24491,0.24106,0.24034,0.23995,0.23972,0.23627,0.24501,0.24693,0.2448,0.24343,0.23942,0.23594,0.23036,0.22402,0.21603,0.22019,0.2124,0.21648,0.2211,0.20995,0.20335,0.16936,-0.39868,-0.40423,0.92655,0.47847
SA(0.065),0.91392,0.91967,0.92225,0.92682,0.9348,0.93658,0.94164,0.94773,0.94989,0.95827,0.96264,0.96722,0.96956,0.9718,0.97527,0.97835,0.98709,0.99486,1,0.99882,0.99488,0.98703,0.97894,0.97178,0.96411,0.95662,0.95065,0.93903,0.92681,0.91441,0.91004,0.90121,0.88848,0.87272,0.85738,0.84295,0.82729,0.8128,0.79082,0.76234,0.74396,0.72881,0.70343,0.69158,0.68183,0.6617,0.64327,0.63313,0.6216,0.6001,0.58292,0.56548,0.54795,0.54024,0.53391,0.51933,0.50549,0.46627,0.43791,0.41455,0.41041,0.39724,0.37653,0.35788,0.34503,0.33177,0.31483,0.29945,0.27493,0.26562,0.25849,0.25424,0.2376,0.23564,0.2258,0.21452,0.21205,0.20426,0.20645,0.21066,0.22021,0.22205,0.22575,0.22294,0.21876,0.2184,0.21836,0.21836,0.21502,0.22268,0.22461,0.22246,0.22102,0.21758,0.2153,0.21118,0.20578,0.19744,0.20219,0.19518,0.19815,0.20258,0.19116,0.18424,0.15034,-0.3864,-0.39341,0.91339,0.4503
SA(0.067),0.90888,0.91462,0.91716,0.92162,0.9297,0.93149,0.93664,0.94302,0.94528,0.95406,0.95852,0.96325,0.96566,0.96793,0.97146,0.97467,0.98393,0.99215,0.99882,1,0.99759,0.99025,0.98239,0.9752,0.96748,0.95971,0.95331,0.94111,0.92864,0.91545,0.91084,0.90181,0.88866,0.87229,0.85628,0.84135,0.82522,0.8104,0.78796,0.75854,0.74,0.72449,0.69866,0.68652,0.67651,0.65624,0.63778,0.62757,0.61584,0.59401,0.57647,0.55863,0.54074,0.53288,0.52646,0.51169,0.49766,0.45825,0.42966,0.40636,0.40211,0.38898,0.36796,0.34915,0.33644,0.32311,0.30634,0.29102,0.2662,0.25708,0.24985,0.24584,0.22895,0.22703,0.21742,0.20632,0.20396,0.19623,0.1989,0.20336,0.21338,0.21528,0.21863,0.21579,0.21139,0.21107,0.21092,0.21093,0.2078,0.21529,0.21721,0.21554,0.21398,0.21038,0.20813,0.20413,0.19907,0.19013,0.19506,0.18825,0.19067,0.19481,0.18326,0.17623,0.14252,-0.38148,-0.38917,0.90833,0.44007
SA(0.07),0.90152,0.90719,0.90963,0.91402,0.92206,0.92383,0.92913,0.936,0.93838,0.94767,0.9521,0.95686,0.95929,0.96161,0.96525,0.96868,0.97852,0.98764,0.99488,0.99759,1,0.99486,0.98719,0.98013,0.97201,0.96372,0.95662,0.94368,0.93049,0.91634,0.91141,0.90205,0.88817,0.87094,0.85429,0.83852,0.82197,0.80672,0.78329,0.75267,0.73386,0.71812,0.6922,0.67986,0.66938,0.6489,0.63044,0.62013,0.60804,0.58553,0.5674,0.54893,0.53092,0.52302,0.51648,0.50141,0.48708,0.4472,0.41821,0.39486,0.39045,0.377,0.3552,0.33657,0.324,0.31098,0.29406,0.2784,0.25326,0.24331,0.23553,0.23188,0.21482,0.21326,0.20358,0.19265,0.1904,0.18292,0.1862,0.19076,0.20118,0.2034,0.20669,0.20407,0.1996,0.19945,0.19906,0.19916,0.1961,0.20403,0.20603,0.2047,0.20292,0.19917,0.19716,0.19304,0.18866,0.17887,0.18378,0.1774,0.17962,0.18314,0.17184,0.16484,0.13203,-0.37526,-0.38175,0.90093,0.42485
SA(0.075),0.89058,0.89615,0.89876,0.90313,0.91074,0.91248,0.91792,0.92493,0.92728,0.93677,0.94143,0.94623,0.94868,0.95105,0.95482,0.95856,0.96925,0.97963,0.98703,0.99025,0.99486,1,0.99485,0.98794,0.97979,0.97133,0.96373,0.9502,0.9355,0.91975,0.91449,0.90462,0.88953,0.8711,0.85335,0.83657,0.81938,0.80321,0.77857,0.74686,0.72753,0.71151,0.68493,0.6721,0.66098,0.63927,0.62006,0.60926,0.59652,0.5731,0.55392,0.53498,0.5167,0.5088,0.50221,0.48702,0.47201,0.43028,0.40035,0.3769,0.37233,0.35888,0.33656,0.3178,0.30514,0.29201,0.2748,0.25879,0.23426,0.22346,0.21502,0.21158,0.1949,0.1937,0.18455,0.17389,0.17174,0.16416,0.16691,0.17119,0.18139,0.18341,0.18724,0.18503,0.18091,0.18123,0.18052,0.18076,0.17745,0.18539,0.1878,0.18679,0.18538,0.18218,0.18063,0.17695,0.17242,0.16119,0.16616,0.16053,0.16379,0.16706,0.15656,0.15035,0.11938,-0.36355,-0.36908,0.88988,0.40062
SA(0.08),0.88435,0.88931,0.89193,0.89612,0.90318,0.90477,0.90984,0.91646,0.91866,0.92793,0.93251,0.93744,0.93988,0.94223,0.94593,0.94957,0.96054,0.97117,0.97894,0.98239,0.98719,0.99485,1,0.99475,0.98662,0.97804,0.97026,0.95526,0.93972,0.9234,0.91793,0.90746,0.89202,0.87301,0.85447,0.83761,0.82015,0.80431,0.77867,0.74616,0.72622,0.70966,0.68171,0.66806,0.65643,0.63438,0.6145,0.60333,0.59045,0.56656,0.54696,0.52739,0.50899,0.50112,0.49458,0.47926,0.46426,0.42187,0.39154,0.36697,0.36226,0.34928,0.32773,0.30895,0.29666,0.2836,0.26602,0.24983,0.22582,0.21522,0.20653,0.20379,0.18746,0.18658,0.1773,0.16656,0.16466,0.15715,0.15936,0.16397,0.17519,0.17668,0.18003,0.17732,0.1726,0.17306,0.17264,0.173,0.16974,0.17833,0.18145,0.18015,0.17861,0.17567,0.17475,0.17199,0.16772,0.15484,0.16033,0.15521,0.15744,0.16085,0.1512,0.14464,0.11352,-0.35438,-0.3563,0.88358,0.38627
SA(0.085),0.87916,0.88361,0.88604,0.89037,0.89716,0.89869,0.90368,0.91015,0.91237,0.92153,0.92622,0.93116,0.93364,0.93597,0.93954,0.94307,0.95393,0.96464,0.97178,0.9752,0.98013,0.98794,0.99475,1,0.9946,0.98592,0.97792,0.96163,0.9452,0.92843,0.9228,0.91248,0.89742,0.87836,0.8596,0.84256,0.82473,0.80861,0.78169,0.74796,0.72747,0.71017,0.68115,0.66656,0.65407,0.63094,0.61031,0.59904,0.5863,0.56225,0.54259,0.52312,0.50461,0.49657,0.48987,0.47394,0.45865,0.41587,0.385,0.36041,0.35577,0.34243,0.32218,0.30374,0.2915,0.27805,0.2598,0.24373,0.22037,0.21018,0.20162,0.19939,0.18336,0.18176,0.17199,0.16069,0.15843,0.15057,0.15243,0.15735,0.16875,0.17026,0.17328,0.17005,0.16525,0.16591,0.16554,0.16593,0.16243,0.17007,0.17312,0.17162,0.17029,0.16794,0.16689,0.1642,0.15969,0.14593,0.15129,0.14641,0.1499,0.15263,0.14324,0.13682,0.1059,-0.35157,-0.35071,0.87833,0.37695
SA(0.09),0.874,0.87819,0.88052,0.88478,0.89106,0.89246,0.89715,0.90311,0.90522,0.91367,0.91861,0.92362,0.92619,0.92855,0.93226,0.93583,0.94647,0.95707,0.96411,0.96748,0.97201,0.97979,0.98662,0.9946,1,0.99483,0.98703,0.96975,0.9524,0.93575,0.9301,0.91913,0.90351,0.8843,0.86534,0.84787,0.82971,0.81277,0.78544,0.75062,0.72953,0.71144,0.68154,0.66687,0.65386,0.62917,0.60801,0.59649,0.58321,0.55832,0.53815,0.51861,0.49984,0.49166,0.48487,0.46907,0.45414,0.41148,0.38021,0.3552,0.35021,0.33622,0.3159,0.29726,0.28525,0.27182,0.2538,0.23811,0.21471,0.20454,0.19584,0.19365,0.17723,0.1753,0.16518,0.1528,0.15027,0.1416,0.14256,0.1475,0.15935,0.16094,0.16333,0.15924,0.15418,0.15481,0.15431,0.15466,0.1509,0.15808,0.16112,0.15957,0.15867,0.15687,0.15715,0.15479,0.15064,0.13588,0.1417,0.13697,0.14266,0.14613,0.13772,0.13171,0.10094,-0.34873,-0.34571,0.87331,0.36557
SA(0.095),0.8707,0.8746,0.87703,0.88107,0.88647,0.88769,0.89194,0.89734,0.89931,0.90725,0.91196,0.91689,0.91926,0.9214,0.92488,0.92841,0.939,0.9495,0.95662,0.95971,0.96372,0.97133,0.97804,0.98592,0.99483,1,0.99533,0.97793,0.96049,0.94346,0.93773,0.92611,0.91025,0.89074,0.87112,0.85316,0.83396,0.81667,0.78951,0.75423,0.73269,0.71394,0.68354,0.66897,0.65584,0.62994,0.60851,0.59672,0.58295,0.55718,0.5366,0.51688,0.49789,0.48942,0.4824,0.46669,0.45185,0.40914,0.37763,0.3533,0.34863,0.33428,0.31342,0.29436,0.28293,0.26885,0.25025,0.23445,0.21042,0.19992,0.19107,0.18874,0.17234,0.16998,0.15949,0.14684,0.14413,0.13657,0.13743,0.14187,0.15421,0.15552,0.15746,0.15264,0.14737,0.14828,0.14773,0.14828,0.14508,0.15316,0.15641,0.15516,0.15458,0.15311,0.15433,0.1523,0.14917,0.13511,0.14184,0.13782,0.14519,0.14969,0.14158,0.13515,0.10307,-0.34809,-0.34243,0.87009,0.3585
SA(0.1),0.86856,0.87216,0.8746,0.87835,0.88331,0.88437,0.88817,0.89316,0.89501,0.90258,0.90702,0.91174,0.91409,0.9161,0.91925,0.92255,0.93315,0.94394,0.95065,0.95331,0.95662,0.96373,0.97026,0.97792,0.98703,0.99533,1,0.98634,0.96875,0.95148,0.94591,0.93386,0.91725,0.89753,0.87795,0.85987,0.84063,0.82322,0.79568,0.75978,0.73813,0.71945,0.68831,0.67363,0.65996,0.63335,0.61155,0.59962,0.58569,0.55953,0.53844,0.51877,0.49957,0.49097,0.48352,0.46747,0.45234,0.40964,0.37676,0.35245,0.34809,0.33382,0.31194,0.29284,0.2817,0.2671,0.24784,0.23129,0.20688,0.19649,0.18783,0.18545,0.16918,0.16658,0.15564,0.14268,0.13975,0.13247,0.13293,0.13749,0.14941,0.15067,0.15204,0.1476,0.14337,0.14467,0.14376,0.14452,0.14139,0.14901,0.15233,0.15175,0.1518,0.15096,0.15263,0.15212,0.14975,0.13639,0.14342,0.14019,0.14891,0.15419,0.1467,0.14062,0.10734,-0.3477,-0.33742,0.86802,0.35646
SA(0.11),0.87103,0.87396,0.87589,0.87863,0.88205,0.88271,0.88545,0.88946,0.89099,0.8972,0.90082,0.90526,0.90749,0.90929,0.91153,0.91407,0.92388,0.93349,0.93903,0.94111,0.94368,0.9502,0.95526,0.96163,0.96975,0.97793,0.98634,1,0.98666,0.96845,0.96319,0.95096,0.93445,0.91508,0.89553,0.87814,0.85885,0.84123,0.81339,0.77637,0.75447,0.73633,0.70496,0.6901,0.67627,0.64976,0.62711,0.61487,0.6006,0.57277,0.55187,0.53206,0.51293,0.50454,0.49738,0.48165,0.46581,0.42354,0.39093,0.36631,0.36141,0.34674,0.32315,0.30306,0.29132,0.2771,0.25845,0.24214,0.21746,0.20621,0.19771,0.19539,0.17981,0.1783,0.16668,0.15288,0.1492,0.14186,0.14041,0.14387,0.15357,0.15466,0.1563,0.15227,0.14823,0.15024,0.14917,0.1501,0.1471,0.15592,0.15918,0.1592,0.15877,0.15763,0.15822,0.15796,0.15593,0.14379,0.15111,0.1487,0.16116,0.16583,0.15852,0.15246,0.11877,-0.35484,-0.33578,0.8704,0.36427
SA(0.12),0.87317,0.87516,0.87688,0.87894,0.88089,0.88126,0.88317,0.8862,0.8874,0.89257,0.89548,0.89934,0.90129,0.90287,0.90482,0.90678,0.91457,0.92229,0.92681,0.92864,0.93049,0.9355,0.93972,0.9452,0.9524,0.96049,0.96875,0.98666,1,0.9869,0.98157,0.96914,0.95182,0.93242,0.91314,0.89515,0.87565,0.85877,0.82989,0.79114,0.76964,0.75168,0.7198,0.70422,0.68999,0.66359,0.64093,0.62868,0.6144,0.58659,0.56611,0.54601,0.52659,0.51823,0.51105,0.49499,0.47877,0.43781,0.40557,0.38085,0.37572,0.36116,0.33685,0.316,0.30211,0.28674,0.26829,0.25236,0.22936,0.21837,0.20944,0.20577,0.18983,0.18806,0.17655,0.16325,0.15875,0.15051,0.14849,0.15121,0.16023,0.16084,0.16019,0.15581,0.15167,0.15426,0.15396,0.15477,0.15194,0.16348,0.16693,0.16659,0.16666,0.16527,0.16754,0.16734,0.1663,0.15564,0.16381,0.16099,0.17459,0.17892,0.17201,0.16548,0.13167,-0.36591,-0.34322,0.87252,0.37784
SA(0.13),0.88166,0.88252,0.88394,0.88516,0.88527,0.88513,0.88579,0.88674,0.88719,0.8907,0.89282,0.89562,0.89687,0.89773,0.899,0.90043,0.90621,0.91134,0.91441,0.91545,0.91634,0.91975,0.9234,0.92843,0.93575,0.94346,0.95148,0.96845,0.9869,1,0.99821,0.988,0.97037,0.95216,0.93422,0.91719,0.89869,0.88248,0.85395,0.81606,0.79524,0.77781,0.74605,0.72996,0.71506,0.68892,0.66627,0.65381,0.6396,0.61238,0.59223,0.57177,0.55241,0.54416,0.53722,0.52145,0.5056,0.46551,0.43255,0.40902,0.40404,0.39002,0.36642,0.34574,0.33076,0.31488,0.29598,0.2802,0.25716,0.24489,0.23522,0.23195,0.21648,0.21363,0.20186,0.18828,0.18292,0.17399,0.17168,0.17319,0.18143,0.18102,0.17789,0.17347,0.16989,0.17209,0.17136,0.17179,0.16819,0.17726,0.18045,0.17951,0.17966,0.17805,0.18117,0.1825,0.18193,0.17013,0.17781,0.17569,0.19373,0.19799,0.19143,0.18458,0.1508,-0.38193,-0.36097,0.88117,0.40538
SA(0.133),0.88266,0.88333,0.88465,0.8856,0.88527,0.88506,0.88548,0.88601,0.88628,0.88933,0.89125,0.8937,0.89477,0.89542,0.89645,0.8976,0.9028,0.90749,0.91004,0.91084,0.91141,0.91449,0.91793,0.9228,0.9301,0.93773,0.94591,0.96319,0.98157,0.99821,1,0.99314,0.97582,0.95781,0.94045,0.92367,0.90545,0.88912,0.86037,0.82253,0.80201,0.78469,0.75285,0.73676,0.72175,0.69555,0.67304,0.66061,0.64631,0.61922,0.59878,0.57813,0.55863,0.55033,0.54327,0.52757,0.51171,0.47146,0.43822,0.41471,0.40977,0.39568,0.37196,0.35117,0.33607,0.3203,0.30158,0.286,0.26281,0.25031,0.24038,0.23712,0.22228,0.21933,0.20758,0.19388,0.18799,0.17868,0.17583,0.17673,0.18413,0.18348,0.18004,0.17594,0.17232,0.17421,0.17349,0.17386,0.16996,0.17798,0.18121,0.18026,0.1803,0.17893,0.18201,0.18352,0.18362,0.17229,0.18026,0.17842,0.19681,0.2016,0.19514,0.1887,0.15553,-0.38531,-0.36445,0.88222,0.41106
SA(0.14),0.88638,0.88625,0.88719,0.88749,0.88613,0.88559,0.88547,0.88515,0.88513,0.8873,0.88865,0.89028,0.89089,0.89105,0.89138,0.89218,0.89625,0.9,0.90121,0.90181,0.90205,0.90462,0.90746,0.91248,0.91913,0.92611,0.93386,0.95096,0.96914,0.988,0.99314,1,0.9878,0.97016,0.9534,0.93697,0.91917,0.90314,0.87508,0.83785,0.81743,0.80034,0.76853,0.75259,0.73748,0.71201,0.68927,0.67696,0.66265,0.63562,0.61476,0.59356,0.5732,0.56454,0.55711,0.54116,0.52526,0.48472,0.45118,0.42764,0.42293,0.40886,0.38553,0.36407,0.34917,0.3335,0.31442,0.2986,0.27463,0.26194,0.25145,0.24744,0.2336,0.2308,0.21889,0.20482,0.19816,0.18854,0.18453,0.18356,0.18979,0.1887,0.18464,0.18051,0.17734,0.17928,0.17866,0.17903,0.17428,0.18216,0.18471,0.18343,0.18303,0.18188,0.18451,0.18617,0.18679,0.17657,0.18566,0.18417,0.20254,0.2085,0.20223,0.19622,0.16408,-0.40015,-0.37577,0.88593,0.42277
SA(0.15),0.88901,0.88777,0.88822,0.88766,0.88525,0.88436,0.88355,0.88234,0.88198,0.88264,0.88333,0.88452,0.88482,0.88459,0.88426,0.88469,0.88648,0.8881,0.88848,0.88866,0.88817,0.88953,0.89202,0.89742,0.90351,0.91025,0.91725,0.93445,0.95182,0.97037,0.97582,0.9878,1,0.98887,0.97193,0.95447,0.93662,0.92013,0.89194,0.85586,0.83563,0.81859,0.78613,0.7701,0.75515,0.73029,0.70768,0.69573,0.6819,0.6545,0.63259,0.61206,0.59225,0.58376,0.57658,0.56041,0.54433,0.50292,0.47015,0.44643,0.44203,0.42865,0.40579,0.38366,0.36877,0.35289,0.33401,0.31768,0.29181,0.27955,0.26991,0.26674,0.2533,0.25096,0.23903,0.22485,0.21733,0.2076,0.20061,0.19674,0.20233,0.20089,0.19669,0.19255,0.18864,0.19108,0.19124,0.19164,0.18654,0.19694,0.19859,0.19702,0.19539,0.19333,0.19537,0.197,0.19913,0.19168,0.20117,0.1996,0.21997,0.22528,0.21944,0.21289,0.18029,-0.41194,-0.38774,0.88857,0.44227
SA(0.16),0.88965,0.88772,0.88797,0.88673,0.88332,0.88213,0.88052,0.87788,0.87711,0.87615,0.87586,0.87638,0.87637,0.87578,0.87462,0.87461,0.87449,0.87408,0.87272,0.87229,0.87094,0.8711,0.87301,0.87836,0.8843,0.89074,0.89753,0.91508,0.93242,0.95216,0.95781,0.97016,0.98887,1,0.98919,0.97198,0.95355,0.93628,0.90828,0.87332,0.8537,0.83689,0.80434,0.78834,0.77388,0.74982,0.7279,0.7158,0.70175,0.67408,0.65208,0.63259,0.61309,0.60461,0.59738,0.58142,0.56539,0.52453,0.49189,0.46721,0.46281,0.45042,0.42851,0.4056,0.38937,0.37263,0.35299,0.33565,0.30844,0.29576,0.28668,0.28369,0.27036,0.26784,0.25649,0.24214,0.23442,0.22568,0.21733,0.2111,0.21512,0.213,0.20887,0.20493,0.20118,0.20334,0.20407,0.20434,0.19916,0.21038,0.21155,0.21089,0.2089,0.20606,0.20712,0.20813,0.21105,0.20665,0.21735,0.21526,0.23666,0.2415,0.23727,0.23125,0.19811,-0.42508,-0.39798,0.88913,0.46204
SA(0.17),0.88971,0.88706,0.88708,0.88532,0.88124,0.87982,0.87754,0.87396,0.87279,0.87019,0.8691,0.86879,0.86834,0.86737,0.86575,0.86511,0.86249,0.86035,0.85738,0.85628,0.85429,0.85335,0.85447,0.8596,0.86534,0.87112,0.87795,0.89553,0.91314,0.93422,0.94045,0.9534,0.97193,0.98919,1,0.98969,0.97128,0.95353,0.92454,0.89011,0.87147,0.85486,0.82324,0.808,0.79414,0.7709,0.74938,0.73706,0.72293,0.69517,0.67352,0.65465,0.63492,0.62628,0.61882,0.60276,0.58721,0.54623,0.51317,0.48759,0.48304,0.47119,0.45004,0.42697,0.41115,0.3946,0.37483,0.35713,0.32902,0.31613,0.30746,0.30387,0.2907,0.28763,0.27674,0.26203,0.25398,0.2453,0.23526,0.22744,0.2312,0.22884,0.2246,0.22118,0.21794,0.21969,0.21974,0.21934,0.21314,0.22257,0.22399,0.22488,0.22316,0.2205,0.22156,0.22318,0.22599,0.22468,0.23527,0.23269,0.25409,0.25842,0.25475,0.24875,0.21479,-0.43181,-0.40205,0.88917,0.48171
SA(0.18),0.89007,0.8867,0.88624,0.88374,0.87868,0.87692,0.87386,0.86875,0.86705,0.86295,0.861,0.86003,0.85907,0.85764,0.8555,0.85454,0.85097,0.8472,0.84295,0.84135,0.83852,0.83657,0.83761,0.84256,0.84787,0.85316,0.85987,0.87814,0.89515,0.91719,0.92367,0.93697,0.95447,0.97198,0.98969,1,0.98945,0.9726,0.9417,0.90793,0.88989,0.87421,0.84336,0.82802,0.81379,0.79,0.76931,0.75721,0.74315,0.71594,0.69421,0.67544,0.65539,0.64648,0.63913,0.62381,0.60883,0.5695,0.53641,0.51086,0.50629,0.49451,0.47341,0.45056,0.43496,0.41824,0.39819,0.3805,0.35159,0.33863,0.3285,0.32418,0.31107,0.30768,0.29673,0.28246,0.27455,0.26606,0.25507,0.2468,0.2499,0.24732,0.24319,0.23939,0.23568,0.2364,0.23595,0.23525,0.22942,0.23576,0.23672,0.23798,0.23715,0.23419,0.23519,0.23613,0.23955,0.23861,0.24728,0.24453,0.26661,0.27087,0.26583,0.25945,0.22625,-0.4375,-0.40298,0.88953,0.49749
SA(0.19),0.89008,0.88632,0.88546,0.88227,0.87607,0.8741,0.87052,0.864,0.86175,0.85646,0.85339,0.85157,0.85015,0.84837,0.84547,0.84385,0.83885,0.83299,0.82729,0.82522,0.82197,0.81938,0.82015,0.82473,0.82971,0.83396,0.84063,0.85885,0.87565,0.89869,0.90545,0.91917,0.93662,0.95355,0.97128,0.98945,1,0.99041,0.95899,0.92584,0.90861,0.89325,0.86261,0.84736,0.83294,0.81013,0.78953,0.77761,0.76407,0.73711,0.71581,0.69802,0.67873,0.67006,0.66285,0.64731,0.63226,0.59465,0.56226,0.53593,0.53106,0.51912,0.49784,0.47461,0.45802,0.4413,0.42112,0.40305,0.37332,0.35994,0.34918,0.34573,0.3331,0.32955,0.31755,0.30359,0.29561,0.28772,0.27548,0.26639,0.26985,0.26702,0.26262,0.25859,0.25513,0.25548,0.25436,0.25359,0.24763,0.25355,0.25493,0.25564,0.25486,0.2521,0.25218,0.2524,0.25633,0.25511,0.2642,0.262,0.28439,0.28812,0.28299,0.27631,0.2433,-0.4335,-0.40068,0.88952,0.5174
SA(0.2),0.89,0.88612,0.88483,0.88103,0.87396,0.8719,0.86776,0.86036,0.85779,0.85125,0.84738,0.84497,0.84323,0.84118,0.8372,0.83453,0.82798,0.82024,0.8128,0.8104,0.80672,0.80321,0.80431,0.80861,0.81277,0.81667,0.82322,0.84123,0.85877,0.88248,0.88912,0.90314,0.92013,0.93628,0.95353,0.9726,0.99041,1,0.97553,0.94276,0.92612,0.91059,0.8803,0.86539,0.85126,0.82939,0.80867,0.79692,0.78401,0.75678,0.73579,0.71852,0.6996,0.69086,0.68354,0.66729,0.65215,0.61521,0.58348,0.5573,0.5521,0.5397,0.51734,0.49384,0.47632,0.45972,0.43944,0.42121,0.3919,0.37876,0.36739,0.36441,0.3515,0.34704,0.33356,0.31957,0.31169,0.30475,0.29096,0.2803,0.28325,0.27971,0.27535,0.27151,0.26827,0.26809,0.26724,0.26647,0.26022,0.26746,0.26926,0.26993,0.26967,0.26749,0.26694,0.26651,0.27063,0.26881,0.27901,0.27678,0.29662,0.30022,0.2942,0.28686,0.25312,-0.43675,-0.40529,0.88935,0.53502
SA(0.22),0.8882,0.88387,0.88224,0.87718,0.86856,0.86602,0.86084,0.85193,0.84874,0.83997,0.83499,0.83131,0.82902,0.82649,0.82185,0.81819,0.80958,0.79977,0.79082,0.78796,0.78329,0.77857,0.77867,0.78169,0.78544,0.78951,0.79568,0.81339,0.82989,0.85395,0.86037,0.87508,0.89194,0.90828,0.92454,0.9417,0.95899,0.97553,1,0.97583,0.95931,0.94317,0.91339,0.8989,0.88536,0.86396,0.84411,0.83241,0.81966,0.79286,0.77243,0.75532,0.73775,0.72903,0.72133,0.70421,0.68866,0.6535,0.6218,0.59761,0.59275,0.58048,0.55654,0.53115,0.51281,0.49565,0.4761,0.45858,0.42995,0.41605,0.40471,0.40107,0.38745,0.38071,0.36676,0.35258,0.34407,0.33659,0.32365,0.31141,0.31116,0.307,0.30263,0.29921,0.29517,0.29425,0.29305,0.2915,0.28388,0.29035,0.29079,0.29135,0.29227,0.29072,0.29206,0.29346,0.29998,0.2995,0.3107,0.30779,0.32184,0.32556,0.3177,0.31073,0.27706,-0.4372,-0.41114,0.88755,0.56621
SA(0.24),0.87856,0.87371,0.87176,0.86589,0.8557,0.85278,0.84643,0.83596,0.83213,0.82137,0.81545,0.81085,0.8079,0.80465,0.79911,0.79468,0.78502,0.77363,0.76234,0.75854,0.75267,0.74686,0.74616,0.74796,0.75062,0.75423,0.75978,0.77637,0.79114,0.81606,0.82253,0.83785,0.85586,0.87332,0.89011,0.90793,0.92584,0.94276,0.97583,1,0.99242,0.97754,0.94698,0.93256,0.91931,0.89874,0.88075,0.86951,0.85722,0.82973,0.80848,0.79113,0.7737,0.76534,0.75822,0.74244,0.72736,0.69547,0.66242,0.63691,0.63207,0.61982,0.59643,0.5724,0.55397,0.53649,0.51634,0.49816,0.46945,0.45438,0.44157,0.4362,0.42293,0.41404,0.39987,0.3858,0.37592,0.36797,0.35389,0.34023,0.33701,0.33196,0.32597,0.32256,0.31786,0.31666,0.31304,0.31091,0.30294,0.3067,0.30598,0.3054,0.30657,0.30452,0.30484,0.30498,0.31036,0.30895,0.3197,0.31769,0.32789,0.33482,0.32709,0.32062,0.28355,-0.43686,-0.40398,0.87803,0.5889
SA(0.25),0.87023,0.86505,0.86285,0.85635,0.84566,0.84256,0.83565,0.8246,0.82045,0.80905,0.80255,0.7974,0.79418,0.79063,0.78455,0.77944,0.76866,0.75631,0.74396,0.74,0.73386,0.72753,0.72622,0.72747,0.72953,0.73269,0.73813,0.75447,0.76964,0.79524,0.80201,0.81743,0.83563,0.8537,0.87147,0.88989,0.90861,0.92612,0.95931,0.99242,1,0.99253,0.96432,0.94998,0.93653,0.91582,0.89794,0.88695,0.87542,0.84893,0.82832,0.81094,0.79339,0.78506,0.77781,0.76176,0.74671,0.71522,0.6822,0.65531,0.65027,0.63813,0.61495,0.59187,0.57328,0.5553,0.53534,0.51797,0.48947,0.47421,0.46132,0.45552,0.44238,0.43343,0.41934,0.40547,0.3955,0.38769,0.37267,0.35862,0.35472,0.34949,0.34392,0.34081,0.33602,0.33465,0.33065,0.3283,0.32053,0.3229,0.3222,0.32125,0.32221,0.31946,0.31926,0.31892,0.3232,0.31993,0.33072,0.32933,0.33957,0.34648,0.33961,0.33345,0.29427,-0.43405,-0.39921,0.8698,0.60363
SA(0.26),0.86316,0.85764,0.85516,0.84813,0.83699,0.83372,0.82616,0.81462,0.81018,0.79827,0.79119,0.78557,0.78213,0.77831,0.77183,0.76625,0.75487,0.74186,0.72881,0.72449,0.71812,0.71151,0.70966,0.71017,0.71144,0.71394,0.71945,0.73633,0.75168,0.77781,0.78469,0.80034,0.81859,0.83689,0.85486,0.87421,0.89325,0.91059,0.94317,0.97754,0.99253,1,0.98061,0.96644,0.95246,0.9304,0.91201,0.90112,0.89015,0.86453,0.84497,0.82799,0.81023,0.80191,0.79449,0.77849,0.76375,0.73244,0.69896,0.67074,0.66537,0.65286,0.62951,0.60659,0.588,0.56957,0.55005,0.53386,0.50509,0.48959,0.47652,0.47025,0.45656,0.44755,0.43373,0.42009,0.41027,0.40229,0.38616,0.37116,0.36686,0.36153,0.35643,0.35343,0.3482,0.34638,0.34205,0.33958,0.33254,0.3333,0.33248,0.33061,0.33075,0.32718,0.32577,0.32387,0.32814,0.32384,0.33508,0.33467,0.34514,0.35198,0.34541,0.33917,0.29905,-0.4352,-0.39957,0.86278,0.61483
SA(0.28),0.85007,0.84403,0.84094,0.83344,0.82191,0.8183,0.80996,0.79809,0.79341,0.78024,0.7726,0.76591,0.76188,0.75763,0.75081,0.74489,0.73301,0.71769,0.70343,0.69866,0.6922,0.68493,0.68171,0.68115,0.68154,0.68354,0.68831,0.70496,0.7198,0.74605,0.75285,0.76853,0.78613,0.80434,0.82324,0.84336,0.86261,0.8803,0.91339,0.94698,0.96432,0.98061,1,0.99398,0.98164,0.9572,0.93616,0.92515,0.91365,0.88894,0.86953,0.85268,0.83608,0.82812,0.82086,0.80539,0.79047,0.75753,0.72262,0.69435,0.68892,0.67642,0.65431,0.63118,0.61179,0.593,0.57444,0.55931,0.53168,0.51473,0.50121,0.49474,0.4815,0.47129,0.4567,0.44295,0.43288,0.42413,0.40828,0.39086,0.38691,0.38148,0.37586,0.37204,0.36612,0.36242,0.35791,0.35521,0.34919,0.34905,0.34722,0.34389,0.34239,0.3394,0.33679,0.33343,0.33653,0.33031,0.34418,0.34637,0.35586,0.3637,0.35835,0.35247,0.31352,-0.43636,-0.4,0.84985,0.63312
SA(0.29),0.844,0.83793,0.83457,0.82687,0.81513,0.81141,0.80285,0.79059,0.78576,0.77201,0.76406,0.75692,0.75267,0.74828,0.74138,0.73541,0.72315,0.70661,0.69158,0.68652,0.67986,0.6721,0.66806,0.66656,0.66687,0.66897,0.67363,0.6901,0.70422,0.72996,0.73676,0.75259,0.7701,0.78834,0.808,0.82802,0.84736,0.86539,0.8989,0.93256,0.94998,0.96644,0.99398,1,0.99395,0.97079,0.9482,0.93712,0.92585,0.90187,0.88271,0.86629,0.84988,0.84173,0.83439,0.81908,0.8041,0.77059,0.73477,0.70621,0.70049,0.68806,0.66723,0.64463,0.62565,0.60749,0.58884,0.57381,0.54686,0.52896,0.51553,0.50882,0.49575,0.48531,0.46959,0.45479,0.44407,0.4344,0.41806,0.39919,0.39555,0.38995,0.38337,0.37916,0.37249,0.36841,0.36377,0.36079,0.35403,0.35331,0.35139,0.34761,0.34563,0.3427,0.34048,0.33721,0.34019,0.33531,0.34879,0.3515,0.36101,0.36897,0.36539,0.35977,0.3209,-0.43518,-0.39844,0.84387,0.64156
SA(0.3),0.8389,0.83279,0.8292,0.82129,0.80935,0.8055,0.79677,0.78408,0.77912,0.76491,0.75686,0.74956,0.74517,0.7407,0.73375,0.72762,0.71461,0.69727,0.68183,0.67651,0.66938,0.66098,0.65643,0.65407,0.65386,0.65584,0.65996,0.67627,0.68999,0.71506,0.72175,0.73748,0.75515,0.77388,0.79414,0.81379,0.83294,0.85126,0.88536,0.91931,0.93653,0.95246,0.98164,0.99395,1,0.98469,0.96201,0.95084,0.9398,0.91647,0.89742,0.88161,0.86575,0.85757,0.8504,0.83537,0.8204,0.78592,0.75051,0.7218,0.71602,0.70377,0.68383,0.66154,0.64281,0.62506,0.6068,0.5917,0.56586,0.5483,0.53541,0.52789,0.5142,0.50334,0.48648,0.47089,0.45943,0.44877,0.43173,0.41164,0.40807,0.40199,0.39366,0.38917,0.38266,0.37851,0.37385,0.37061,0.36252,0.35999,0.35792,0.35418,0.35148,0.34821,0.34634,0.34345,0.34635,0.34137,0.35349,0.35574,0.36506,0.37286,0.37001,0.36449,0.3253,-0.43509,-0.39778,0.83883,0.6536
