,SA(0.01),SA(0.02),SA(0.022),SA(0.025),SA(0.029),SA(0.03),SA(0.032),SA(0.035),SA(0.036),SA(0.04),SA(0.042),SA(0.044),SA(0.045),SA(0.046),SA(0.048),SA(0.05),SA(0.055),SA(0.06),SA(0.065),SA(0.067),SA(0.07),SA(0.075),SA(0.08),SA(0.085),SA(0.09),SA(0.095),SA(0.1),SA(0.11),SA(0.12),SA(0.13),SA(0.133),SA(0.14),SA(0.15),SA(0.16),SA(0.17),SA(0.18),SA(0.19),SA(0.2),SA(0.22),SA(0.24),SA(0.25),SA(0.26),SA(0.28),SA(0.29),SA(0.3),SA(0.32),SA(0.34),SA(0.35),SA(0.36),SA(0.38),SA(0.4),SA(0.42),SA(0.44),SA(0.45),SA(0.46),SA(0.48),SA(0.5),SA(0.55),SA(0.6),SA(0.65),SA(0.667),SA(0.7),SA(0.75),SA(0.8),SA(0.85),SA(0.9),SA(0.95),SA(1.0),SA(1.1),SA(1.2),SA(1.3),SA(1.4),SA(1.5),SA(1.6),SA(1.7),SA(1.8),SA(1.9),SA(2.0),SA(2.2),SA(2.4),SA(2.5),SA(2.6),SA(2.8),SA(3.0),SA(3.2),SA(3.4),SA(3.5),SA(3.6),SA(3.8),SA(4.0),SA(4.2),SA(4.4),SA(4.6),SA(4.8),SA(5.0),SA(5.5),SA(6.0),SA(6.5),SA(7.0),SA(7.5),SA(8.0),SA(8.5),SA(9.0),SA(9.5),SA(10.0),RSD575,RSD595,PGA,PGV
SA(0.01),1,0.998483881,0.997581659,0.995614656,0.991630654,0.990109301,0.986922643,0.98094626,0.978758585,0.971890711,0.967636132,0.963321435,0.960797252,0.957870769,0.952552765,0.948352903,0.93874512,0.928735284,0.91906992,0.915472384,0.910839128,0.904425975,0.899386326,0.895306619,0.892158941,0.889996531,0.888031568,0.88809127,0.886463088,0.890060784,0.889775938,0.891560596,0.890557729,0.889348254,0.88749715,0.887986316,0.887954483,0.888223614,0.886866318,0.878954365,0.871278146,0.864922218,0.856309887,0.852036379,0.848056896,0.836817249,0.824866279,0.81847099,0.811275777,0.796176724,0.784337324,0.770048732,0.755129124,0.748868517,0.74336027,0.730338885,0.718443256,0.681193625,0.64851137,0.620499816,0.614111126,0.597292016,0.576331249,0.55501219,0.536093411,0.517057975,0.498373791,0.482040593,0.450831743,0.431069827,0.414167711,0.402309546,0.381454162,0.372561904,0.356406416,0.339269842,0.330380055,0.321876657,0.314480856,0.311881629,0.315001967,0.313347277,0.307812879,0.306311909,0.302357549,0.299310736,0.292486282,0.288050509,0.273882254,0.268365863,0.265224251,0.262042805,0.258198186,0.249714821,0.24218235,0.228813881,0.218757967,0.203478624,0.208490395,0.198750369,0.215084933,0.218068049,0.206207321,0.195884209,0.209479302,-0.430701068,-0.396098941,0.999915088,0.650911933
SA(0.02),0.998483881,1,0.999614849,0.99821327,0.994992909,0.993803092,0.991190134,0.985718099,0.983585909,0.977099249,0.972919413,0.968811123,0.966400416,0.96362117,0.958613771,0.954453977,0.945225436,0.935196998,0.925588334,0.921932435,0.917129519,0.910432375,0.904784567,0.90017022,0.896597488,0.894102705,0.891843157,0.891113416,0.888417777,0.890935406,0.890365712,0.891353534,0.889218554,0.887373388,0.884844799,0.884542825,0.884107427,0.88434743,0.882471503,0.874030116,0.866027761,0.859393941,0.850300817,0.845978499,0.841909662,0.830101148,0.817731087,0.811273468,0.804027538,0.788691299,0.776853891,0.762440549,0.746937178,0.740632893,0.735111304,0.721949096,0.709946897,0.6725542,0.639783165,0.611848917,0.605472271,0.58872462,0.567802365,0.546733897,0.527865965,0.508794427,0.489932137,0.473356919,0.442055709,0.422607871,0.406229077,0.394613952,0.37337399,0.364161953,0.347699578,0.330743167,0.322247059,0.314630399,0.307820527,0.305949392,0.309342577,0.308086516,0.302887249,0.301497225,0.29793928,0.294884309,0.288180836,0.283781909,0.269558825,0.264106189,0.261104814,0.257865018,0.254059368,0.245737284,0.238330913,0.224906379,0.214295005,0.198528992,0.203645964,0.193646501,0.211035187,0.214012976,0.202021309,0.191720543,0.206617251,-0.429884671,-0.39749287,0.998343041,0.645763
SA(0.022),0.997581659,0.999614849,1,0.999093422,0.99626721,0.995186592,0.992686542,0.987252813,0.98515377,0.978777703,0.974670874,0.970674375,0.968304982,0.965577247,0.960698912,0.956611033,0.947469277,0.937575448,0.928147264,0.924467596,0.919591299,0.913050748,0.907395785,0.902561508,0.898861969,0.896401916,0.894133365,0.892955942,0.889977729,0.892134991,0.891451365,0.892047845,0.889516254,0.887523982,0.884764451,0.884050148,0.883325189,0.883217043,0.881046699,0.872338516,0.864113532,0.857220958,0.847553669,0.84297246,0.838677717,0.826398418,0.813749847,0.807083559,0.799705157,0.784223354,0.772202559,0.757595574,0.741859384,0.735489312,0.729935822,0.716713728,0.704681264,0.667250146,0.634169919,0.606204789,0.599929505,0.583329086,0.56249905,0.541275292,0.522378185,0.503201538,0.484196471,0.467470733,0.436092072,0.41681686,0.400585423,0.389108736,0.367928712,0.358673787,0.342708284,0.325950581,0.317569567,0.310170553,0.303487096,0.301910709,0.305528417,0.304417738,0.299349365,0.29830529,0.295015151,0.292063595,0.28540573,0.281092347,0.266936776,0.261658982,0.258927858,0.255950702,0.252514512,0.244372198,0.23706677,0.223971372,0.213451736,0.197790308,0.2033536,0.193511627,0.210699859,0.213592685,0.201657386,0.191373868,0.206211953,-0.427307497,-0.396934491,0.997394025,0.641992982
SA(0.025),0.995614656,0.99821327,0.999093422,1,0.998121688,0.997270217,0.995209973,0.990276182,0.988402557,0.982418962,0.978575204,0.97465721,0.972360784,0.969785388,0.965097136,0.961062151,0.951980224,0.942262918,0.932785479,0.928969293,0.92399593,0.917303267,0.911519362,0.906779056,0.902975948,0.900217785,0.897650877,0.895449724,0.891730786,0.892961781,0.891980245,0.891910855,0.888639053,0.886067004,0.882855922,0.881508356,0.880205499,0.879550633,0.876198796,0.866768551,0.857969052,0.850614957,0.840490618,0.835705244,0.831208969,0.81831649,0.805293131,0.798288338,0.790685862,0.775068769,0.763136501,0.748376833,0.732046576,0.725480182,0.719769271,0.706271341,0.694144982,0.656710249,0.623318432,0.595086843,0.58887715,0.572289475,0.551445568,0.53014587,0.511534461,0.49252587,0.473405693,0.456690074,0.425503746,0.407065713,0.391129537,0.380094204,0.359145652,0.350111736,0.334228077,0.317729643,0.309702439,0.302634573,0.296372729,0.295357185,0.299419235,0.298513024,0.293633901,0.292737716,0.289869343,0.287030004,0.280616142,0.276390092,0.262466375,0.257680086,0.255629987,0.252816119,0.24975048,0.241828094,0.234482198,0.221942762,0.211505664,0.195810959,0.201358746,0.191544751,0.208271762,0.211045266,0.199182838,0.188798082,0.204327557,-0.423910643,-0.395169727,0.995365223,0.634285881
SA(0.029),0.991630654,0.994992909,0.99626721,0.998121688,1,0.999765104,0.998441606,0.994721672,0.993334601,0.988258348,0.985033326,0.9815965,0.979545208,0.977245869,0.972974946,0.969091959,0.959831912,0.950337417,0.941011319,0.937227779,0.932129884,0.92486177,0.918570919,0.913530482,0.909098094,0.905296481,0.902193545,0.898345077,0.893031035,0.892323738,0.890886397,0.88975686,0.885593297,0.882124436,0.878272065,0.876086113,0.873836684,0.872350666,0.867392107,0.856431892,0.847115691,0.839349436,0.828904095,0.823910069,0.819198923,0.805526645,0.792052376,0.784767334,0.77696053,0.761350293,0.74929871,0.734425189,0.717698931,0.710939808,0.70495789,0.690831918,0.678442776,0.640485343,0.607302401,0.578877023,0.572734613,0.556234552,0.535038808,0.513329105,0.494755253,0.475776076,0.456627908,0.439981368,0.40884753,0.391531682,0.376126964,0.365327862,0.344243146,0.335611676,0.320063306,0.303815771,0.296456799,0.289274695,0.284013744,0.283983972,0.288242663,0.287909169,0.283714495,0.283274479,0.28078153,0.277595412,0.271419522,0.267284443,0.253500826,0.249705686,0.248124118,0.245467098,0.242550146,0.234893208,0.227704108,0.216004426,0.205839613,0.19019145,0.195709434,0.186214662,0.20088914,0.204424787,0.19228847,0.181979728,0.196618107,-0.417737615,-0.393366378,0.991292192,0.623468291
SA(0.03),0.990109301,0.993803092,0.995186592,0.997270217,0.999765104,1,0.999096318,0.995696935,0.994426225,0.989574404,0.986477554,0.983170164,0.981205607,0.97900159,0.974812911,0.97091824,0.961565044,0.952129254,0.942837962,0.939027901,0.933879179,0.926518741,0.920066815,0.914968247,0.910369047,0.90632645,0.903013104,0.898696874,0.893037351,0.891817308,0.890264735,0.88881121,0.884345147,0.880600259,0.8765316,0.874035696,0.871608582,0.870033801,0.864563919,0.853240877,0.843771258,0.835863214,0.825100639,0.820002804,0.815170995,0.801295453,0.787776812,0.78047271,0.772669943,0.757100647,0.744947616,0.730025259,0.713182727,0.706379991,0.70035173,0.686108487,0.673638802,0.635671857,0.602569752,0.574041287,0.567846233,0.551243492,0.530105132,0.50836356,0.489800014,0.470817308,0.451696715,0.435042155,0.403862788,0.386726895,0.371379638,0.360551408,0.339395192,0.33094293,0.31532622,0.299209353,0.292060921,0.285043557,0.280055942,0.280484126,0.284853371,0.284709107,0.280663509,0.280228446,0.277703392,0.274422475,0.268217194,0.264142171,0.250450244,0.24674451,0.24514751,0.242443448,0.239576375,0.232022126,0.224922407,0.213436534,0.203189834,0.187693761,0.193182992,0.183742184,0.197784257,0.201600324,0.189413636,0.17910469,0.193572278,-0.41536667,-0.391700414,0.989750348,0.619459755
SA(0.032),0.986922643,0.991190134,0.992686542,0.995209973,0.998441606,0.999096318,1,0.997828962,0.996767343,0.992370329,0.989523884,0.986432777,0.984610621,0.982603747,0.97864942,0.974976894,0.965734782,0.956323425,0.947065251,0.943277457,0.938184679,0.930775978,0.923883359,0.918668033,0.913673213,0.909034763,0.90517254,0.899780343,0.893324096,0.890917304,0.889169289,0.887303032,0.882315139,0.877996326,0.873457611,0.870378763,0.867602998,0.86560021,0.859297214,0.846996994,0.83706126,0.828670133,0.817302242,0.812052151,0.807111869,0.792988202,0.779088557,0.771509202,0.763444656,0.747670659,0.735278451,0.719956667,0.70282702,0.695924169,0.689809429,0.675279859,0.66253044,0.62433339,0.591185138,0.562636512,0.556552701,0.540004409,0.519020978,0.497216617,0.478718731,0.459775891,0.440595279,0.423739912,0.392577313,0.375817377,0.360767016,0.350001651,0.328863458,0.320727931,0.305145031,0.289272663,0.282517743,0.275337078,0.270948176,0.27207148,0.276641117,0.276914629,0.273403199,0.27302798,0.270603505,0.267502704,0.261299679,0.25730865,0.243895841,0.240097012,0.238630116,0.235756996,0.233077263,0.22593556,0.219338042,0.207918875,0.197319923,0.181564278,0.186782653,0.177631021,0.191229226,0.195371916,0.183046376,0.172665711,0.186891247,-0.410808845,-0.388055647,0.986501207,0.610889338
SA(0.035),0.98094626,0.985718099,0.987252813,0.990276182,0.994721672,0.995696935,0.997828962,1,0.999618735,0.99586755,0.99330795,0.990493015,0.988895987,0.987175166,0.983456816,0.979879484,0.970790959,0.961533314,0.952380701,0.948700914,0.943840332,0.936128424,0.928793007,0.923317291,0.917608865,0.912196357,0.907772917,0.90112917,0.893743804,0.889315158,0.88716824,0.884587884,0.878839857,0.873356841,0.868181115,0.863857386,0.859974439,0.857293863,0.849756644,0.83600286,0.825627719,0.816875342,0.805291407,0.79968608,0.794383835,0.77985457,0.765542013,0.757642478,0.749173182,0.732967531,0.720187804,0.704490216,0.687219566,0.680423576,0.67444319,0.659678405,0.646535575,0.60758139,0.574341484,0.545663715,0.539531484,0.522792406,0.501690765,0.480274147,0.462243849,0.443274716,0.42414265,0.407467128,0.375780301,0.359289549,0.344439529,0.333995743,0.313048186,0.305532976,0.289844566,0.274817835,0.268830912,0.261698131,0.258582743,0.260800235,0.266003034,0.266841944,0.263705707,0.263104981,0.260640854,0.257767334,0.251758095,0.247889567,0.234479607,0.230561678,0.229121684,0.226480347,0.224164189,0.217412677,0.210925735,0.199420085,0.188818739,0.172620369,0.177659017,0.168789881,0.182061072,0.186472889,0.17428912,0.163699615,0.175614158,-0.404547326,-0.384190622,0.980406133,0.598380933
SA(0.036),0.978758585,0.983585909,0.98515377,0.988402557,0.993334601,0.994426225,0.996767343,0.999618735,1,0.996901368,0.99448065,0.991843374,0.990343893,0.988698415,0.985102729,0.981517114,0.97249727,0.963323975,0.954207864,0.95058039,0.945738114,0.93784655,0.930326167,0.924861985,0.919040134,0.913449905,0.908879086,0.901923857,0.894156222,0.889010926,0.886716196,0.883897847,0.877892632,0.872122098,0.866607159,0.861822455,0.857450198,0.85449468,0.846398518,0.832079395,0.821404571,0.81238536,0.800564966,0.79479189,0.789346855,0.77466255,0.760157474,0.752122963,0.7435182,0.727257267,0.714424787,0.698554682,0.681176311,0.674317911,0.668316641,0.653514109,0.640288746,0.601151609,0.567797661,0.538995555,0.532831894,0.516127719,0.495093203,0.473696422,0.455799689,0.437038238,0.417994201,0.401422642,0.369710339,0.353521388,0.338783127,0.328359404,0.30728669,0.299978609,0.284250544,0.269458693,0.263727512,0.256711772,0.254134772,0.256739351,0.262221387,0.263206886,0.260183435,0.259548005,0.257109406,0.254147917,0.24821021,0.244356792,0.231026187,0.227027603,0.225546041,0.222847236,0.22057615,0.213861549,0.207383206,0.195935987,0.185355951,0.169248346,0.174331766,0.165703886,0.178640873,0.183128713,0.171042805,0.160352373,0.171671029,-0.402577692,-0.382752503,0.97817439,0.593167947
SA(0.04),0.971890711,0.977099249,0.978777703,0.982418962,0.988258348,0.989574404,0.992370329,0.99586755,0.996901368,1,0.998646038,0.996408132,0.995081861,0.993586922,0.990430035,0.987379878,0.979446425,0.970785436,0.961891257,0.958478432,0.953756671,0.945663978,0.937674773,0.931924456,0.925255809,0.918934286,0.913876144,0.905417455,0.896371323,0.889774569,0.887079433,0.883507741,0.876129714,0.869129955,0.862175394,0.856104154,0.850663432,0.846549766,0.83647226,0.820441589,0.809277648,0.799892382,0.787150675,0.781012338,0.775205895,0.759421464,0.744311622,0.73616251,0.727339532,0.710851587,0.697827441,0.681629781,0.663677678,0.656525922,0.650330332,0.635332099,0.621816141,0.582088483,0.547849916,0.519164554,0.513055537,0.496063651,0.474771288,0.453538942,0.435891788,0.41755143,0.398416732,0.381976901,0.350617545,0.334671155,0.320324709,0.309958721,0.288565875,0.280947917,0.264656192,0.250284769,0.244961836,0.238161788,0.236360851,0.240255569,0.246216397,0.247888755,0.245684275,0.244985908,0.242789946,0.240001792,0.234467828,0.231129307,0.218353195,0.214689596,0.21366509,0.210778277,0.208720405,0.202224826,0.196183507,0.184165961,0.173890466,0.158062694,0.163251923,0.155140199,0.166119637,0.171574249,0.15917809,0.148323103,0.156787143,-0.395809957,-0.376341377,0.971196344,0.577158755
SA(0.042),0.967636132,0.972919413,0.974670874,0.978575204,0.985033326,0.986477554,0.989523884,0.99330795,0.99448065,0.998646038,1,0.998765288,0.997627294,0.996298449,0.993448534,0.990609364,0.982979628,0.974353581,0.965466625,0.962014755,0.957091379,0.948917188,0.940661215,0.934953069,0.928360663,0.921642004,0.916212037,0.906970881,0.897236978,0.890104846,0.887230556,0.883166219,0.875253314,0.867487808,0.860015915,0.853277498,0.846874883,0.842160293,0.831180204,0.814251166,0.802544081,0.792562709,0.779367389,0.772969842,0.767111281,0.750836523,0.735329464,0.726969237,0.717846526,0.700901828,0.687452615,0.670780273,0.652506612,0.645239942,0.63899608,0.623894284,0.61026924,0.56993821,0.535713507,0.507322877,0.501377076,0.48425076,0.463127513,0.442030665,0.424598973,0.406549125,0.387512506,0.371297744,0.340418126,0.324637967,0.31041831,0.30014061,0.27843263,0.271330905,0.255210272,0.241084737,0.236083456,0.229306545,0.228233897,0.232837591,0.238859227,0.240835132,0.239110128,0.238753892,0.236599983,0.233806443,0.228507914,0.225339542,0.212873415,0.209005604,0.208192428,0.205238326,0.203123328,0.196719597,0.190795402,0.178117127,0.16746468,0.151671433,0.156559444,0.148302768,0.158787416,0.165029455,0.152666823,0.141896151,0.148920208,-0.392891037,-0.374006171,0.966882585,0.567573691
SA(0.044),0.963321435,0.968811123,0.970674375,0.97465721,0.9815965,0.983170164,0.986432777,0.990493015,0.991843374,0.996408132,0.998765288,1,0.999592333,0.998646239,0.99601794,0.993254111,0.986248271,0.978008855,0.969220726,0.965819069,0.960760271,0.952341088,0.944033218,0.938249823,0.931579182,0.924669695,0.918897438,0.909266403,0.899044134,0.890969227,0.887826229,0.883094217,0.87496922,0.866812635,0.85875935,0.851486715,0.844406959,0.83917521,0.827083987,0.809434326,0.797282954,0.786854591,0.772717838,0.765977429,0.760076998,0.743628915,0.727489223,0.718757161,0.709352238,0.692249645,0.67858387,0.661598993,0.643011847,0.635535455,0.629064594,0.613659285,0.599999221,0.559056968,0.524567325,0.496092125,0.490213349,0.473171113,0.451920499,0.430672765,0.41332506,0.395549353,0.37661677,0.360429786,0.329786575,0.314320252,0.300364091,0.290614345,0.269009842,0.261864054,0.246037093,0.232105152,0.227389495,0.220690376,0.22005487,0.224927316,0.230774987,0.232923324,0.231559039,0.231210089,0.229162931,0.226352335,0.221067795,0.218099091,0.205684393,0.20179505,0.201126277,0.198381857,0.196189575,0.189925175,0.184406314,0.171649233,0.160965311,0.145792656,0.15030196,0.142257451,0.152934761,0.159156965,0.146877282,0.13608663,0.141769782,-0.388361278,-0.369822701,0.962498401,0.557478829
SA(0.045),0.960797252,0.966400416,0.968304982,0.972360784,0.979545208,0.981205607,0.984610621,0.988895987,0.990343893,0.995081861,0.997627294,0.999592333,1,0.999566113,0.997218532,0.994535472,0.987798688,0.979814356,0.971260902,0.967860509,0.962726475,0.95419827,0.945826326,0.940035608,0.933374125,0.926218267,0.920382167,0.910570213,0.900021635,0.891367184,0.888036026,0.882891995,0.874581989,0.866219595,0.857830498,0.850088787,0.842639382,0.837121005,0.824556588,0.806331605,0.793942768,0.783316508,0.768606159,0.761670277,0.755644102,0.738965286,0.722486725,0.713588767,0.704062336,0.686927528,0.6732488,0.656216825,0.637520407,0.629940424,0.62332271,0.607695279,0.593965883,0.552833058,0.518154653,0.489391254,0.483544999,0.466518937,0.445036943,0.423738933,0.406525893,0.388861677,0.369921686,0.353731749,0.323161007,0.307865373,0.293934961,0.284417927,0.262979878,0.255770288,0.239944353,0.226228986,0.221726701,0.215111973,0.214692617,0.219825666,0.225643423,0.227915589,0.226825267,0.226456812,0.224490824,0.221767322,0.216648262,0.21378972,0.201386503,0.197330514,0.196691494,0.194069459,0.19179726,0.185539274,0.180197762,0.167518695,0.157041308,0.142637304,0.146964918,0.139027166,0.149654247,0.155805079,0.143800272,0.133139434,0.138517594,-0.385778945,-0.367866312,0.959927392,0.551562907
SA(0.046),0.957870769,0.96362117,0.965577247,0.969785388,0.977245869,0.97900159,0.982603747,0.987175166,0.988698415,0.993586922,0.996298449,0.998646239,0.999566113,1,0.99848012,0.995943285,0.989294874,0.981618683,0.973270331,0.969855898,0.964717647,0.956066075,0.947628332,0.941729621,0.934977679,0.927537097,0.921528191,0.911538487,0.900753344,0.891434036,0.887933048,0.882366604,0.873756068,0.865096725,0.85642002,0.848310148,0.840643227,0.834913705,0.821904809,0.803063583,0.790397141,0.779537632,0.764431213,0.757340204,0.751237551,0.734357509,0.717410972,0.708279045,0.698562388,0.681193501,0.667443144,0.650341466,0.631453358,0.623755936,0.61704706,0.601359356,0.587670385,0.546383448,0.511631736,0.482728792,0.476885929,0.459817931,0.438223224,0.416976678,0.3998375,0.382170935,0.363134986,0.346883034,0.316390235,0.301420313,0.287576736,0.278305595,0.257000441,0.249749227,0.233995214,0.220502428,0.216234768,0.209611092,0.209505075,0.215037479,0.220902615,0.223317895,0.222317314,0.222000769,0.220199119,0.217559558,0.212615981,0.209892699,0.197531773,0.192964046,0.192245846,0.189552371,0.187274117,0.181123804,0.175948417,0.163338021,0.152932452,0.138780067,0.142909145,0.135105671,0.14637036,0.152315599,0.14040691,0.129804933,0.134618283,-0.383617741,-0.366087661,0.956968885,0.545666446
SA(0.048),0.952552765,0.958613771,0.960698912,0.965097136,0.972974946,0.974812911,0.97864942,0.983456816,0.985102729,0.990430035,0.993448534,0.99601794,0.997218532,0.99848012,1,0.998634723,0.992027022,0.984547604,0.976254924,0.972778778,0.967634816,0.958808997,0.950260335,0.944043886,0.937196295,0.929428026,0.923061456,0.912343087,0.901268658,0.891227426,0.887531499,0.881374983,0.87212692,0.862832936,0.853942519,0.845462099,0.837220244,0.830566106,0.816904108,0.79722464,0.784094681,0.772925459,0.757442437,0.750211403,0.744019359,0.726710467,0.709521869,0.700226628,0.690379853,0.672746731,0.658569563,0.641049017,0.621723568,0.613770664,0.606751119,0.590747847,0.576988274,0.535408908,0.500286433,0.471494793,0.465707167,0.448617634,0.427096241,0.405977094,0.38900507,0.371528761,0.352363322,0.335880061,0.305446345,0.290846583,0.277496892,0.268557735,0.247147827,0.239877964,0.224562719,0.211160749,0.207288,0.200696078,0.20136764,0.207114496,0.212989882,0.215631324,0.214542588,0.214421064,0.212907511,0.210307995,0.205273314,0.202730667,0.190621755,0.185985909,0.18510427,0.182386191,0.179954803,0.173870694,0.168866082,0.156484795,0.145935416,0.131917577,0.136031361,0.128009597,0.140445699,0.145867345,0.133987321,0.123847661,0.128973697,-0.378803137,-0.362054362,0.951607201,0.535091322
SA(0.05),0.948352903,0.954453977,0.956611033,0.961062151,0.969091959,0.97091824,0.974976894,0.979879484,0.981517114,0.987379878,0.990609364,0.993254111,0.994535472,0.995943285,0.998634723,1,0.994565552,0.987194186,0.979121365,0.975692227,0.970629862,0.961924493,0.953126395,0.946687628,0.939744511,0.931716612,0.924961396,0.91361032,0.902087624,0.891380993,0.887500887,0.881102418,0.871530852,0.861935932,0.852468722,0.843720729,0.834897349,0.827219287,0.81268175,0.792309318,0.778582402,0.76697542,0.751144208,0.743864917,0.737570451,0.719969298,0.702708321,0.693354832,0.683379956,0.665525623,0.650829199,0.632845869,0.613101116,0.604993982,0.597825307,0.581819366,0.567912608,0.52595055,0.490720449,0.462178105,0.456616116,0.439641723,0.418013398,0.39700341,0.380204258,0.362945949,0.3437631,0.327392605,0.296903141,0.281808239,0.268527291,0.259572258,0.238244209,0.23115982,0.216608829,0.20320057,0.199373102,0.192350598,0.193412478,0.199257084,0.205209553,0.208178732,0.207536227,0.207865139,0.206534676,0.204122704,0.199110125,0.19675573,0.185093193,0.180484622,0.179504089,0.176779541,0.174423917,0.168305749,0.163123762,0.150823943,0.140124506,0.126160116,0.130344915,0.12197878,0.134071795,0.139989782,0.128524097,0.11877993,0.123601389,-0.375782416,-0.361214328,0.947332323,0.526041327
SA(0.055),0.93874512,0.945225436,0.947469277,0.951980224,0.959831912,0.961565044,0.965734782,0.970790959,0.97249727,0.979446425,0.982979628,0.986248271,0.987798688,0.989294874,0.992027022,0.994565552,1,0.99416738,0.986712268,0.983494248,0.978459814,0.969711976,0.960650338,0.953770556,0.946209751,0.93788141,0.931006091,0.918849534,0.905946074,0.893869875,0.889608217,0.882443789,0.871133694,0.860128488,0.848606495,0.839272543,0.82944548,0.820604488,0.804300951,0.783005907,0.768369684,0.756379091,0.740179789,0.732624975,0.72563212,0.706265539,0.688413314,0.678870022,0.668561936,0.650457925,0.635391135,0.616733298,0.5959008,0.587330895,0.579761838,0.563347065,0.548925993,0.505916792,0.468724142,0.439314666,0.433747664,0.416754998,0.39501411,0.374071946,0.357322927,0.340452144,0.32133587,0.304639423,0.274183324,0.258319434,0.244953692,0.236258143,0.216123334,0.209267249,0.195720897,0.182598947,0.178801148,0.171301846,0.172819995,0.179808708,0.185979889,0.189172593,0.18925795,0.190413592,0.189002149,0.187318212,0.182897874,0.181283124,0.170319923,0.167057808,0.166209053,0.163811989,0.161467635,0.155939874,0.151186555,0.140226311,0.129216425,0.115169348,0.119290234,0.110899033,0.119645279,0.125923531,0.115463879,0.106623842,0.110529752,-0.372679095,-0.357091017,0.937568429,0.503434112
SA(0.06),0.928735284,0.935196998,0.937575448,0.942262918,0.950337417,0.952129254,0.956323425,0.961533314,0.963323975,0.970785436,0.974353581,0.978008855,0.979814356,0.981618683,0.984547604,0.987194186,0.99416738,1,0.994232753,0.991257702,0.98663213,0.978344277,0.969225221,0.962214589,0.954076299,0.945246291,0.938387713,0.925039697,0.910405717,0.896638088,0.892107172,0.884236062,0.871348806,0.858744459,0.846169461,0.835335435,0.823742554,0.813638459,0.795490801,0.773098016,0.757659823,0.744984433,0.726859701,0.718255406,0.710616585,0.690761047,0.672883285,0.663126747,0.652033242,0.633211512,0.617631282,0.598313151,0.57718509,0.568629454,0.561280082,0.544949599,0.530434409,0.485975017,0.448188695,0.418796151,0.412990481,0.395666184,0.373268757,0.352294806,0.335822367,0.318811156,0.299723244,0.282856446,0.252041616,0.236749404,0.22325007,0.214259942,0.194618301,0.188815439,0.176393157,0.164146211,0.160387228,0.152413543,0.155035829,0.163005501,0.169822951,0.173368191,0.174407078,0.176471626,0.175182274,0.174825433,0.171215518,0.170314532,0.16032995,0.157036743,0.156310573,0.154233543,0.152529916,0.147596095,0.143385289,0.133481668,0.122443648,0.109908013,0.113943065,0.105612857,0.111537412,0.117542803,0.106108153,0.097165616,0.102468666,-0.364303415,-0.349327174,0.927414034,0.482846002
SA(0.065),0.91906992,0.925588334,0.928147264,0.932785479,0.941011319,0.942837962,0.947065251,0.952380701,0.954207864,0.961891257,0.965466625,0.969220726,0.971260902,0.973270331,0.976254924,0.979121365,0.986712268,0.994232753,1,0.998607131,0.994228169,0.985584089,0.976467588,0.968441763,0.959791962,0.950821164,0.943410905,0.929207706,0.913819949,0.898693259,0.893693839,0.884617811,0.871384939,0.857532332,0.843813384,0.831960141,0.819288087,0.807927895,0.788826375,0.764532819,0.748327369,0.735024463,0.71600955,0.70672717,0.698821943,0.678206858,0.660129738,0.650442171,0.639219873,0.619681245,0.603521935,0.583734528,0.562141744,0.553474794,0.546305,0.530415225,0.51595326,0.470411962,0.432060958,0.402045079,0.396265854,0.379036954,0.356224285,0.335290647,0.319059467,0.302537096,0.284112672,0.267726124,0.237078999,0.221842339,0.208830854,0.199998666,0.180325941,0.17432757,0.16281931,0.151138781,0.147357526,0.1404084,0.144322701,0.152694076,0.159087651,0.16256572,0.16411121,0.167399793,0.166048281,0.166456782,0.163883163,0.163451042,0.154081165,0.151311762,0.150276381,0.147694161,0.146051588,0.141711415,0.137849925,0.128821559,0.118310452,0.104918911,0.10913074,0.101185258,0.105215457,0.111193476,0.099300696,0.090200737,0.094430656,-0.355547349,-0.340925537,0.917676358,0.465804718
SA(0.067),0.915472384,0.921932435,0.924467596,0.928969293,0.937227779,0.939027901,0.943277457,0.948700914,0.95058039,0.958478432,0.962014755,0.965819069,0.967860509,0.969855898,0.972778778,0.975692227,0.983494248,0.991257702,0.998607131,1,0.997260171,0.98895666,0.979958916,0.971694925,0.962882275,0.953556159,0.945680036,0.930844566,0.915387855,0.899568905,0.894420953,0.885206602,0.871656068,0.857283233,0.84295762,0.830803386,0.817903307,0.806441928,0.787117169,0.762097684,0.745857438,0.732251924,0.712888627,0.703439452,0.695339814,0.674670696,0.656601027,0.646866782,0.635478984,0.615751432,0.599428208,0.579277892,0.557387458,0.548631505,0.541433314,0.525470789,0.510819209,0.465212432,0.426688363,0.396820991,0.390945481,0.373845117,0.350888646,0.32984173,0.313842671,0.297331737,0.279196756,0.262980632,0.232086266,0.217099322,0.204170719,0.195666814,0.175835618,0.169734092,0.158740998,0.147344368,0.14365682,0.136886192,0.141342905,0.150084228,0.156802985,0.160352417,0.161773902,0.165223236,0.163774858,0.164421902,0.161887002,0.161519145,0.152213176,0.149050329,0.148055507,0.145650351,0.143839072,0.139340355,0.13549551,0.126400688,0.116004582,0.101924849,0.106290485,0.098196178,0.101825392,0.107516118,0.095265457,0.086052754,0.089762408,-0.352308748,-0.33872426,0.914072372,0.460266741
SA(0.07),0.910839128,0.917129519,0.919591299,0.92399593,0.932129884,0.933879179,0.938184679,0.943840332,0.945738114,0.953756671,0.957091379,0.960760271,0.962726475,0.964717647,0.967634816,0.970629862,0.978459814,0.98663213,0.994228169,0.997260171,1,0.993990676,0.985138598,0.976949492,0.967760374,0.957987288,0.949386971,0.933662383,0.91772609,0.901230678,0.895850251,0.886243444,0.871965333,0.856839181,0.842105077,0.829373264,0.816370498,0.804764461,0.784996764,0.758970084,0.742494289,0.728756615,0.709456874,0.699941873,0.691452886,0.670702104,0.65269,0.642987517,0.631301131,0.611111907,0.594364182,0.573644882,0.551822302,0.54312274,0.535868539,0.519737768,0.504822313,0.458826448,0.420038058,0.390250946,0.384192094,0.366901025,0.343504014,0.322771936,0.306925238,0.290724487,0.272574581,0.25616521,0.225125192,0.209393934,0.196104945,0.18823163,0.168361423,0.162389856,0.151611928,0.140577592,0.137096721,0.130541867,0.135712458,0.144779512,0.151959606,0.15584091,0.15764831,0.161478988,0.160170893,0.161188314,0.158354211,0.158131298,0.148985966,0.146101979,0.145324176,0.143079825,0.141223026,0.136535709,0.133232708,0.124063792,0.11414902,0.099333751,0.103649956,0.095172468,0.099027443,0.103900354,0.091983143,0.082674286,0.086016317,-0.34779111,-0.33322389,0.909413835,0.453022216
SA(0.075),0.904425975,0.910432375,0.913050748,0.917303267,0.92486177,0.926518741,0.930775978,0.936128424,0.93784655,0.945663978,0.948917188,0.952341088,0.95419827,0.956066075,0.958808997,0.961924493,0.969711976,0.978344277,0.985584089,0.98895666,0.993990676,1,0.99394174,0.985675219,0.976158906,0.966171949,0.957130851,0.940778329,0.923436902,0.905910217,0.900328977,0.890281977,0.875104459,0.859081747,0.843701497,0.830182073,0.816892565,0.804718061,0.78423236,0.757491284,0.740625013,0.726727406,0.706714284,0.696787386,0.687704933,0.665999141,0.647223186,0.637160691,0.624961448,0.604057787,0.586635382,0.565546211,0.543957981,0.535368805,0.528194374,0.511947059,0.496458596,0.44872514,0.409217719,0.379597183,0.373430382,0.356404907,0.333014108,0.312169676,0.296208592,0.279960019,0.261742337,0.24522249,0.215249639,0.199144273,0.185217406,0.177533664,0.158156151,0.152350868,0.14272465,0.132161409,0.129141542,0.122750566,0.127292957,0.136399998,0.143500506,0.147320683,0.150265776,0.154942585,0.154475905,0.156049898,0.153177415,0.153232619,0.144350926,0.141231395,0.140908901,0.138958126,0.137636304,0.133334392,0.13039564,0.121531745,0.11079229,0.095351818,0.099360589,0.090435511,0.09487335,0.099404078,0.088528368,0.079586692,0.084916173,-0.339590488,-0.325098989,0.902922945,0.440697847
SA(0.08),0.899386326,0.904784567,0.907395785,0.911519362,0.918570919,0.920066815,0.923883359,0.928793007,0.930326167,0.937674773,0.940661215,0.944033218,0.945826326,0.947628332,0.950260335,0.953126395,0.960650338,0.969225221,0.976467588,0.979958916,0.985138598,0.99394174,1,0.993740842,0.984138552,0.974119536,0.964821824,0.946828524,0.928667267,0.910448804,0.90464304,0.893752967,0.878153872,0.861632662,0.845645205,0.83202441,0.818445225,0.806384699,0.785099511,0.757631099,0.740220184,0.725826273,0.704546636,0.693727094,0.684208677,0.662511015,0.643329557,0.632927819,0.620562119,0.59915373,0.581149134,0.559553474,0.538135614,0.529655809,0.522542163,0.506347783,0.490797694,0.442383048,0.402492771,0.37209639,0.365881043,0.349542676,0.327278491,0.306615024,0.290855665,0.274423152,0.256064887,0.239462527,0.21017775,0.194549951,0.180503363,0.173542283,0.154600292,0.149041811,0.139424785,0.128729755,0.126086553,0.119660544,0.12359346,0.133538658,0.141736537,0.145086542,0.147696659,0.152229897,0.151423667,0.153345494,0.150979798,0.15125954,0.142300276,0.140442096,0.140696868,0.138825599,0.137208489,0.133001698,0.130021889,0.121762506,0.111155367,0.094837337,0.099427092,0.090985357,0.095282992,0.100382623,0.088678649,0.079899148,0.0854007,-0.333775723,-0.31599486,0.897835625,0.430947837
SA(0.085),0.895306619,0.90017022,0.902561508,0.906779056,0.913530482,0.914968247,0.918668033,0.923317291,0.924861985,0.931924456,0.934953069,0.938249823,0.940035608,0.941729621,0.944043886,0.946687628,0.953770556,0.962214589,0.968441763,0.971694925,0.976949492,0.985675219,0.993740842,1,0.993727976,0.983782509,0.974261699,0.954787877,0.935697042,0.916847182,0.910780133,0.900029109,0.884563848,0.867756335,0.85140609,0.837492765,0.823553641,0.811291516,0.788849786,0.760027193,0.741973367,0.726803897,0.704540832,0.692892231,0.682650839,0.660081941,0.640457263,0.629919092,0.617593438,0.595929169,0.577801063,0.556443169,0.534978428,0.526305176,0.519010563,0.502192266,0.48643321,0.438022621,0.397725055,0.367265885,0.361151394,0.344545188,0.323644786,0.303104623,0.287192009,0.27024463,0.251417731,0.234931045,0.206537983,0.191483235,0.177636371,0.171150684,0.152527997,0.146272848,0.135924845,0.124450323,0.121488354,0.114914201,0.118543895,0.128841745,0.13745251,0.140885516,0.143390445,0.14745196,0.146991971,0.14861098,0.146323807,0.146681293,0.137008376,0.134318712,0.134257083,0.132568606,0.131248472,0.127585697,0.125055062,0.117056107,0.106195971,0.089048055,0.093668876,0.085392124,0.090864775,0.095418058,0.083271757,0.074894941,0.080338109,-0.331934001,-0.312023918,0.893722418,0.424243503
SA(0.09),0.892158941,0.896597488,0.898861969,0.902975948,0.909098094,0.910369047,0.913673213,0.917608865,0.919040134,0.925255809,0.928360663,0.931579182,0.933374125,0.934977679,0.937196295,0.939744511,0.946209751,0.954076299,0.959791962,0.962882275,0.967760374,0.976158906,0.984138552,0.993727976,1,0.993929548,0.984586776,0.964468754,0.944681257,0.926148853,0.91999857,0.908505116,0.8925116,0.875524553,0.85885995,0.844292458,0.829971631,0.817124566,0.794303862,0.764514231,0.746048801,0.730316174,0.707212347,0.695480966,0.68476377,0.66072728,0.64049683,0.629714694,0.616940242,0.594367863,0.575659534,0.554204477,0.532685142,0.523886898,0.516499534,0.499701581,0.484330924,0.436277994,0.395996974,0.365285655,0.358862518,0.341810836,0.321126022,0.300396689,0.284705454,0.267900863,0.249508154,0.233543668,0.205426843,0.190288784,0.176368848,0.170262705,0.151610863,0.145625486,0.134838648,0.122163085,0.119015164,0.112061135,0.114686144,0.125177586,0.134635041,0.138152498,0.140063333,0.143406298,0.143075032,0.144384362,0.141813836,0.141942274,0.131569493,0.12811475,0.128098235,0.126409757,0.125611514,0.122278407,0.120252385,0.112555677,0.102202609,0.085345032,0.090195594,0.081984038,0.089562599,0.094765405,0.082559542,0.074432764,0.080290459,-0.331294137,-0.308628251,0.890695366,0.417113959
SA(0.095),0.889996531,0.894102705,0.896401916,0.900217785,0.905296481,0.90632645,0.909034763,0.912196357,0.913449905,0.918934286,0.921642004,0.924669695,0.926218267,0.927537097,0.929428026,0.931716612,0.93788141,0.945246291,0.950821164,0.953556159,0.957987288,0.966171949,0.974119536,0.983782509,0.993929548,1,0.994389926,0.974561912,0.954554817,0.935557824,0.929340579,0.917116969,0.901145107,0.883870427,0.866423259,0.85121502,0.835853182,0.822630518,0.800282952,0.769942296,0.751192421,0.734920789,0.711208897,0.699453916,0.688484617,0.663277365,0.642734032,0.631666693,0.618422942,0.594908698,0.575720441,0.554332307,0.53294594,0.523950152,0.516271268,0.499560143,0.484247112,0.436177806,0.395650596,0.365863262,0.359732562,0.342368195,0.321242141,0.300152093,0.284925646,0.267269774,0.248303783,0.232492455,0.204104574,0.188861086,0.174934602,0.168702909,0.15002822,0.1437879,0.132868994,0.119903244,0.116611357,0.111046205,0.113756178,0.123800582,0.13378475,0.136965439,0.138199925,0.140565513,0.14017772,0.141680601,0.138943969,0.139191961,0.128944324,0.125441267,0.125173087,0.123283593,0.122607615,0.119519789,0.117524955,0.110044975,0.100706238,0.084381852,0.089569946,0.081595675,0.091362172,0.097896232,0.086385303,0.078132243,0.082795206,-0.33155694,-0.306893734,0.888681215,0.413349887
SA(0.1),0.888031568,0.891843157,0.894133365,0.897650877,0.902193545,0.903013104,0.90517254,0.907772917,0.908879086,0.913876144,0.916212037,0.918897438,0.920382167,0.921528191,0.923061456,0.924961396,0.931006091,0.938387713,0.943410905,0.945680036,0.949386971,0.957130851,0.964821824,0.974261699,0.984586776,0.994389926,1,0.98449317,0.964389198,0.945361852,0.939386351,0.926625903,0.909944568,0.89238754,0.874935669,0.859592628,0.844122345,0.830770177,0.808173697,0.777083684,0.758248373,0.742127681,0.717460741,0.705600725,0.694175451,0.668219081,0.647286445,0.636090717,0.62277183,0.598871935,0.579151118,0.557988179,0.536686099,0.527607806,0.519506815,0.502530628,0.4869336,0.438723215,0.396653749,0.366939717,0.361143328,0.343796553,0.321741797,0.300720951,0.285774551,0.267648392,0.248000899,0.231400007,0.202865609,0.187831984,0.174073346,0.167686848,0.149115693,0.142279783,0.131033519,0.11779387,0.114272187,0.10887779,0.111323819,0.121474468,0.131352484,0.134208992,0.13506987,0.137788167,0.138677909,0.140868928,0.138036865,0.138473973,0.127945144,0.124695909,0.124232097,0.122306357,0.122603472,0.120213055,0.118921718,0.113038909,0.104723759,0.089143163,0.094301075,0.086693843,0.097763095,0.105408853,0.094083279,0.086203471,0.09044157,-0.334221066,-0.305353551,0.886860376,0.413943265
SA(0.11),0.88809127,0.891113416,0.892955942,0.895449724,0.898345077,0.898696874,0.899780343,0.90112917,0.901923857,0.905417455,0.906970881,0.909266403,0.910570213,0.911538487,0.912343087,0.91361032,0.918849534,0.925039697,0.929207706,0.930844566,0.933662383,0.940778329,0.946828524,0.954787877,0.964468754,0.974561912,0.98449317,1,0.984891166,0.964865901,0.959098822,0.946050974,0.929453072,0.91174782,0.893960808,0.878868975,0.862953696,0.849133438,0.8259415,0.79339209,0.774048015,0.758324832,0.733016922,0.720764791,0.709089746,0.683355701,0.661663681,0.650227395,0.636659614,0.610850909,0.59126024,0.570096916,0.548935519,0.54001025,0.532136131,0.515334399,0.498896782,0.450507085,0.408942897,0.37878825,0.372454626,0.354693981,0.330645087,0.308498337,0.292825838,0.275049158,0.255893233,0.239292784,0.210684789,0.194959311,0.181224587,0.174878887,0.157037734,0.15066006,0.138602705,0.124436125,0.119956884,0.114676746,0.11487571,0.123729653,0.131690972,0.13404932,0.135400023,0.138723604,0.139377426,0.142295387,0.139343702,0.13977531,0.128682184,0.126529112,0.126052918,0.12384864,0.124001209,0.121443799,0.119658879,0.114835767,0.106978198,0.092953807,0.099190598,0.092644646,0.106988789,0.113969951,0.103621025,0.095826136,0.101128871,-0.342542993,-0.303788023,0.887025241,0.418659952
SA(0.12),0.886463088,0.888417777,0.889977729,0.891730786,0.893031035,0.893037351,0.893324096,0.893743804,0.894156222,0.896371323,0.897236978,0.899044134,0.900021635,0.900753344,0.901268658,0.902087624,0.905946074,0.910405717,0.913819949,0.915387855,0.91772609,0.923436902,0.928667267,0.935697042,0.944681257,0.954554817,0.964389198,0.984891166,1,0.985374613,0.979529252,0.966194072,0.948258484,0.929869128,0.91182242,0.895534247,0.878831222,0.865335281,0.840643311,0.806228709,0.787104353,0.771568325,0.745616889,0.732426944,0.720137585,0.694413596,0.67261794,0.661126435,0.64740311,0.621457445,0.602018423,0.580482969,0.559115407,0.55025757,0.542409239,0.525320978,0.508650512,0.46084212,0.419409752,0.389050002,0.382385796,0.364674545,0.339820977,0.316822346,0.298633574,0.27899869,0.259700411,0.243039144,0.215700869,0.199981493,0.185705765,0.178642385,0.160378433,0.15363808,0.141562718,0.127798563,0.122188441,0.115190777,0.114148455,0.121966386,0.129674569,0.131371901,0.130619156,0.133340052,0.133239034,0.13666265,0.134297936,0.134441519,0.1232186,0.120888721,0.120611025,0.119165416,0.119072434,0.116145755,0.115697746,0.112037591,0.10554983,0.093354104,0.101053666,0.094560685,0.110346645,0.116016521,0.107837758,0.100045694,0.105615281,-0.348697686,-0.30965985,0.885468508,0.424640044
SA(0.13),0.890060784,0.890935406,0.892134991,0.892961781,0.892323738,0.891817308,0.890917304,0.889315158,0.889010926,0.889774569,0.890104846,0.890969227,0.891367184,0.891434036,0.891227426,0.891380993,0.893869875,0.896638088,0.898693259,0.899568905,0.901230678,0.905910217,0.910448804,0.916847182,0.926148853,0.935557824,0.945361852,0.964865901,0.985374613,1,0.998013444,0.986815958,0.968007011,0.950219821,0.933004028,0.917131482,0.900676154,0.887552398,0.86275901,0.828830912,0.81027938,0.795277907,0.7693751,0.755549238,0.742475465,0.716559433,0.69458845,0.682821189,0.669134182,0.64395126,0.62472746,0.602868109,0.581632817,0.573018383,0.565403556,0.548723907,0.532477775,0.485736014,0.443273234,0.413702943,0.407033559,0.389841549,0.365439895,0.342375148,0.322973056,0.302370997,0.282263462,0.265308136,0.237255248,0.219487533,0.204441077,0.19784177,0.180521685,0.172838914,0.160655233,0.14659544,0.139977372,0.131497903,0.129856177,0.136458242,0.143861978,0.144803343,0.142140669,0.144540186,0.144403018,0.147105853,0.143995369,0.14393749,0.131901595,0.127612329,0.127249691,0.125841041,0.12554668,0.122277711,0.121866154,0.119789398,0.114413433,0.101339234,0.108793745,0.102793036,0.123039006,0.127565553,0.119118347,0.11150953,0.117440179,-0.360982365,-0.323218956,0.889320574,0.443485865
