,SA(0.01),SA(0.02),SA(0.022),SA(0.025),SA(0.029),SA(0.03),SA(0.032),SA(0.035),SA(0.036),SA(0.04),SA(0.042),SA(0.044),SA(0.045),SA(0.046),SA(0.048),SA(0.05),SA(0.055),SA(0.06),SA(0.065),SA(0.067),SA(0.07),SA(0.075),SA(0.08),SA(0.085),SA(0.09),SA(0.095),SA(0.1),SA(0.11),SA(0.12),SA(0.13),SA(0.133),SA(0.14),SA(0.15),SA(0.16),SA(0.17),SA(0.18),SA(0.19),SA(0.2),SA(0.22),SA(0.24),SA(0.25),SA(0.26),SA(0.28),SA(0.29),SA(0.3),SA(0.32),SA(0.34),SA(0.35),SA(0.36),SA(0.38),SA(0.4),SA(0.42),SA(0.44),SA(0.45),SA(0.46),SA(0.48),SA(0.5),SA(0.55),SA(0.6),SA(0.65),SA(0.667),SA(0.7),SA(0.75),SA(0.8),SA(0.85),SA(0.9),SA(0.95),SA(1.0),SA(1.1),SA(1.2),SA(1.3),SA(1.4),SA(1.5),SA(1.6),SA(1.7),SA(1.8),SA(1.9),SA(2.0),SA(2.2),SA(2.4),SA(2.5),SA(2.6),SA(2.8),SA(3.0),SA(3.2),SA(3.4),SA(3.5),SA(3.6),SA(3.8),SA(4.0),SA(4.2),SA(4.4),SA(4.6),SA(4.8),SA(5.0),SA(5.5),SA(6.0),SA(6.5),SA(7.0),SA(7.5),SA(8.0),SA(8.5),SA(9.0),SA(9.5),SA(10.0),RSD575,RSD595,PGA,PGV
SA(0.01),1,0.995069587,0.994030706,0.99208764,0.988604808,0.987545963,0.985173033,0.980921633,0.979308889,0.971854968,0.967548731,0.962903021,0.960471169,0.95797893,0.952856631,0.947630923,0.934786689,0.923392065,0.914310479,0.911374336,0.90767019,0.903114164,0.900122399,0.8982135,0.89701728,0.896275658,0.895818507,0.895364261,0.895190941,0.89512261,0.895111363,0.895093654,0.89507971,0.895071706,0.895066229,0.895061966,0.891355105,0.880859447,0.861159742,0.842956057,0.834345045,0.826030001,0.810208474,0.802667211,0.79535185,0.781345795,0.768095454,0.761728298,0.755521229,0.743555646,0.73214099,0.721227497,0.710771946,0.705703902,0.700736547,0.691088066,0.681797112,0.659969269,0.639881174,0.621271236,0.615242648,0.603933331,0.587702064,0.572442635,0.558043691,0.544412153,0.531469404,0.519148423,0.49614904,0.47503805,0.455526605,0.437387865,0.420440357,0.404536584,0.389555007,0.375394268,0.361968936,0.349206328,0.32542828,0.303654111,0.293418419,0.28357285,0.264940965,0.24756412,0.231284727,0.215973206,0.20864598,0.201521704,0.187839482,0.174849469,0.162485645,0.150691016,0.139416041,0.128617383,0.118256914,0.094060601,0.071967684,0.05164632,0.032837446,0.015334929,0.001027993,0.016399496,0.030899616,0.044620768,0.057641391,-0.45,-0.41,0.999661388,0.729158101
SA(0.02),0.995069587,1,0.999005118,0.997362547,0.994602278,0.993772982,0.991912564,0.98855298,0.987267009,0.981236645,0.977689752,0.973813897,0.971765121,0.969651449,0.965262781,0.960723192,0.949278536,0.938713652,0.929890392,0.926922698,0.923058492,0.918019677,0.914390628,0.911785033,0.90989012,0.908478521,0.907394228,0.905827835,0.904719038,0.903862392,0.903638895,0.903163373,0.902574016,0.902066925,0.901624589,0.897120616,0.885620842,0.874642641,0.854071392,0.835102051,0.826142166,0.817498365,0.801073367,0.793254659,0.785676463,0.771184506,0.757495462,0.750924764,0.744523817,0.732197162,0.720453636,0.709239954,0.698509884,0.693313385,0.688223049,0.678343968,0.668841295,0.646556012,0.626096579,0.607185192,0.601067747,0.589603365,0.573176091,0.557760975,0.543240573,0.529516862,0.516507167,0.5041411,0.481106311,0.460018842,0.440576941,0.422544143,0.405731654,0.389986312,0.375182134,0.361214231,0.347994339,0.335447475,0.312124641,0.290828274,0.28083737,0.271239458,0.253109034,0.236238618,0.220467671,0.205664447,0.198590795,0.191719491,0.178540878,0.166050661,0.154182174,0.142877952,0.13208812,0.121769108,0.111882633,0.088846088,0.067876833,0.048643724,0.030888936,0.014407827,0.000964903,0.015409151,0.029062267,0.042006624,0.054312287,-0.431072107,-0.41,0.996968361,0.720270987
SA(0.022),0.994030706,0.999005118,1,0.998417528,0.995801772,0.995018385,0.99326047,0.990079249,0.988858633,0.983112981,0.979717957,0.975996072,0.974023911,0.971985953,0.967744011,0.963341646,0.952176905,0.941777969,0.933006375,0.930032371,0.926136152,0.92100078,0.917244273,0.91449934,0.912464688,0.910919094,0.909709372,0.90792055,0.906624657,0.905610349,0.905344401,0.904777316,0.904072878,0.903465969,0.902936262,0.895699287,0.88405825,0.872948555,0.852139809,0.832961826,0.823906873,0.815173485,0.798584041,0.790689728,0.783039909,0.768415543,0.754606954,0.74798079,0.74152701,0.729101963,0.717268819,0.705973335,0.69516846,0.689936956,0.684813108,0.674871188,0.665310822,0.642900885,0.622340262,0.60334673,0.597205071,0.585698434,0.569217748,0.553760207,0.539206708,0.52545788,0.512429942,0.500051589,0.477007152,0.455926092,0.436503142,0.418499214,0.401723517,0.386021348,0.371265511,0.357350157,0.344186247,0.331698173,0.308499386,0.28733322,0.277409022,0.267878596,0.249884821,0.233152406,0.217520012,0.202855299,0.195850746,0.189048377,0.176006999,0.163652977,0.151919469,0.140748884,0.130091254,0.119902946,0.110145634,0.087425128,0.066762072,0.047825513,0.030357964,0.014155191,0.000947711,0.015139281,0.028561588,0.041294267,0.053405103,-0.428469455,-0.41,0.995929149,0.716570072
SA(0.025),0.99208764,0.997362547,0.998417528,1,0.997601012,0.996886491,0.995282329,0.992368653,0.991246069,0.985927484,0.982760263,0.979269335,0.977412097,0.975487709,0.971465856,0.967269327,0.956524459,0.946374446,0.937680348,0.934696879,0.930752642,0.925472434,0.921524742,0.9185708,0.91632654,0.914579953,0.913182089,0.911059622,0.909483086,0.908232283,0.90790266,0.907198232,0.90632117,0.905564535,0.90490377,0.893351394,0.881477003,0.870150094,0.848949027,0.829426388,0.820214392,0.811333016,0.794471922,0.78645272,0.778684587,0.763841494,0.749835425,0.743117638,0.736576585,0.723989004,0.712007821,0.700577208,0.68964876,0.684359432,0.679180225,0.669134502,0.659478831,0.63686298,0.616135202,0.597005975,0.590824317,0.579247878,0.56267896,0.547151337,0.532543165,0.518752846,0.505694772,0.493296125,0.47023575,0.449165278,0.429773633,0.411817394,0.395102475,0.379471622,0.364795641,0.35096709,0.337895658,0.3255047,0.302510826,0.28155974,0.271745731,0.262326787,0.244558742,0.228054293,0.212650773,0.198214867,0.191324459,0.184635964,0.171821283,0.159692241,0.148181707,0.137231877,0.126792631,0.116820232,0.107276286,0.085077843,0.064920598,0.046473911,0.029480853,0.013737862,0.000919311,0.014693482,0.027734516,0.040117525,0.051906525,-0.424978687,-0.41,0.993989467,0.709565817
SA(0.029),0.988604808,0.994602278,0.995801772,0.997601012,1,0.999377298,0.997978141,0.995421192,0.994429316,0.989680155,0.986816672,0.983633686,0.981929677,0.980156717,0.976428316,0.972506234,0.962321198,0.95250308,0.943912314,0.940916224,0.936907963,0.931434639,0.927232034,0.923999413,0.921475676,0.919461099,0.917812377,0.915245052,0.913294324,0.911728196,0.911313673,0.91042612,0.909318892,0.908362623,0.902699638,0.889845629,0.877622806,0.865971563,0.844184701,0.824147438,0.814700952,0.805598607,0.788331899,0.780126217,0.772181423,0.757011739,0.742710803,0.735856208,0.729184842,0.716354572,0.704152344,0.692519964,0.681407003,0.676031336,0.670769469,0.660568752,0.650770778,0.627847465,0.606870097,0.587538256,0.581296874,0.569616211,0.55291555,0.537283284,0.522593475,0.508741205,0.495638134,0.483209182,0.460125011,0.439070347,0.419725445,0.401840414,0.385216246,0.36969188,0.355135134,0.341436196,0.328502847,0.316256898,0.293568989,0.27293905,0.263289572,0.254037087,0.236606091,0.220442031,0.205380254,0.191285992,0.18456602,0.178047556,0.165571368,0.153778257,0.142600656,0.131980446,0.121867282,0.112217269,0.102991911,0.081572988,0.062170995,0.044455762,0.028171192,0.013114725,0.000876905,0.014027837,0.02649957,0.038360468,0.049668918,-0.420925756,-0.41,0.990660527,0.697595114
SA(0.03),0.987545963,0.993772982,0.995018385,0.996886491,0.999377298,1,0.998652094,0.996184327,0.995225128,0.990618323,0.987830774,0.984724773,0.983059073,0.981323969,0.977668931,0.973815461,0.963770383,0.954035239,0.945470305,0.942471061,0.938446793,0.93292519,0.928658856,0.925356566,0.92276296,0.920681385,0.91896995,0.916291409,0.914247134,0.912602175,0.912166426,0.911233092,0.910068323,0.909062145,0.90186148,0.888906962,0.876590846,0.864852763,0.842909054,0.822734,0.813224731,0.804063221,0.78668791,0.778432298,0.770440203,0.755183074,0.740803188,0.733911963,0.727205706,0.714310456,0.702049043,0.690362639,0.679200275,0.673801491,0.668517492,0.658275275,0.648439199,0.625433563,0.604389369,0.585003277,0.578745904,0.567037335,0.5503014,0.534641116,0.519929449,0.506060591,0.492945472,0.480508407,0.457417863,0.436367432,0.417035046,0.399169081,0.382569211,0.367073357,0.352548536,0.338884302,0.325987924,0.313780802,0.291174815,0.270630863,0.261025438,0.251817522,0.234476771,0.21840385,0.203433575,0.189430788,0.182756451,0.176283512,0.163897956,0.15219479,0.141106331,0.130574377,0.120548521,0.110984827,0.10184477,0.080634564,0.06143479,0.043915404,0.02782053,0.01294788,0.000865551,0.013849611,0.026168914,0.037890017,0.0490698,-0.42,-0.41,0.989695362,0.694181745
SA(0.032),0.985173033,0.991912564,0.99326047,0.995282329,0.997978141,0.998652094,1,0.997710596,0.996816752,0.992494658,0.989858978,0.986906949,0.985317863,0.983658473,0.980150161,0.976433915,0.966668752,0.957099556,0.948586287,0.945580733,0.941524454,0.935906293,0.931512502,0.928070873,0.925337528,0.923121958,0.921285094,0.918384124,0.916152753,0.914350131,0.913871932,0.912847035,0.911567184,0.910461189,0.900123297,0.886960342,0.874450755,0.86253258,0.840263602,0.819802797,0.810163323,0.800879118,0.783278585,0.774919427,0.766829239,0.751390766,0.736847151,0.729879962,0.723101347,0.710071341,0.69768719,0.685888753,0.674623935,0.66917721,0.663847313,0.653519034,0.643603942,0.620427584,0.599244802,0.579746207,0.573455671,0.56168923,0.544880142,0.529161754,0.514404758,0.5005015,0.487361396,0.474907505,0.451803747,0.430762094,0.411455663,0.393629237,0.377079757,0.361643031,0.347184418,0.333592152,0.320772447,0.308645842,0.286209747,0.265844116,0.256330048,0.247214561,0.230060961,0.214177044,0.199396527,0.185583442,0.179003742,0.172625215,0.160427612,0.148910975,0.138007382,0.127658453,0.117813658,0.108428973,0.099465816,0.078688449,0.059908038,0.042794801,0.027093324,0.012601875,0.000842005,0.013480003,0.025483195,0.036914389,0.04782734,-0.418237635,-0.41,0.98761044,0.686936865
SA(0.035),0.980921633,0.98855298,0.990079249,0.992368653,0.995421192,0.996184327,0.997710596,1,0.999204188,0.995309161,0.992901285,0.990180211,0.988706048,0.987160228,0.983872005,0.980361596,0.971016306,0.961696033,0.953260261,0.950245242,0.946140944,0.940377947,0.935792971,0.932142333,0.92919938,0.926782817,0.92475781,0.921523196,0.919011182,0.916972066,0.916430192,0.915267951,0.913815476,0.911617514,0.897372306,0.883879462,0.871063671,0.85886047,0.836076693,0.815163633,0.80531809,0.795839696,0.777882708,0.76935967,0.761114232,0.745388749,0.730586004,0.723498588,0.716605453,0.703362172,0.690783765,0.678808013,0.667381045,0.661858444,0.656455906,0.645991417,0.635951268,0.612504712,0.59110259,0.571425937,0.565082914,0.55322488,0.536300017,0.520489668,0.50566093,0.491703228,0.47852358,0.466043058,0.442918388,0.421890628,0.402625274,0.384861426,0.368391698,0.353048553,0.338694725,0.325216363,0.312518006,0.300518835,0.278351623,0.258268218,0.24889874,0.239929538,0.223072139,0.207487356,0.193007166,0.179494319,0.173064398,0.166835295,0.154935161,0.143713742,0.133102731,0.123043474,0.113485241,0.10438387,0.095700689,0.075608368,0.057491675,0.041021243,0.025942388,0.01205426,0.000804739,0.012895031,0.02439792,0.03537028,0.045860922,-0.41579058,-0.41,0.984118187,0.67526498
SA(0.036),0.979308889,0.987267009,0.988858633,0.991246069,0.994429316,0.995225128,0.996816752,0.999204188,1,0.996247329,0.993915387,0.991271299,0.989835444,0.98832748,0.98511262,0.981670823,0.972465491,0.963228191,0.954818253,0.951800078,0.947679774,0.941868498,0.937219794,0.933499486,0.930486664,0.928003104,0.925915382,0.922569553,0.919963992,0.917846044,0.917282945,0.916074923,0.914564907,0.910788642,0.896420016,0.882812977,0.869891189,0.857589323,0.834627341,0.813557729,0.803640852,0.794095237,0.776014858,0.767435091,0.759135911,0.743311076,0.728418629,0.721289595,0.714356818,0.701039709,0.688394058,0.676356927,0.664873828,0.659324962,0.653897277,0.643385638,0.633302199,0.60976211,0.588284061,0.568545771,0.56218458,0.55029484,0.533329899,0.517487716,0.502634144,0.488657596,0.47546426,0.462974519,0.439842609,0.418819658,0.399568524,0.381826338,0.365384218,0.350073466,0.335755911,0.322316978,0.309660627,0.29770557,0.275631435,0.255645726,0.2463263,0.237407736,0.22065287,0.205171637,0.190795408,0.177386492,0.171008419,0.164831042,0.153033881,0.141914654,0.131404925,0.121445941,0.111986905,0.102983607,0.094397343,0.07454216,0.056655221,0.040407304,0.025543977,0.011864696,0.000791839,0.012692536,0.024022238,0.034835767,0.045180222,-0.415021313,-0.41,0.982864478,0.67122987
SA(0.04),0.971854968,0.981236645,0.983112981,0.985927484,0.989680155,0.990618323,0.992494658,0.995309161,0.996247329,1,0.997971796,0.99563565,0.994353024,0.992996488,0.99007508,0.986907731,0.97826223,0.969356826,0.961050218,0.958019423,0.953835095,0.947830704,0.942927085,0.9389281,0.9356358,0.932884249,0.930545671,0.926754983,0.92377523,0.921341957,0.920693957,0.91930281,0.917562629,0.907337988,0.892455565,0.878373122,0.865010064,0.852297447,0.828593589,0.806872233,0.796658388,0.786832929,0.768238862,0.759422929,0.750900017,0.734661572,0.719395693,0.712093399,0.704995589,0.691371128,0.678445536,0.666152877,0.654436103,0.648777893,0.643245525,0.632537594,0.622273935,0.598344463,0.576550323,0.556555434,0.550118605,0.538096871,0.520965084,0.504990378,0.490033418,0.475978411,0.462728088,0.45019997,0.427037922,0.406034992,0.386843056,0.36919105,0.35286386,0.337687969,0.323521419,0.310246633,0.297765156,0.285993744,0.264307098,0.244728104,0.235617046,0.226909293,0.210581282,0.195531131,0.181587702,0.168611459,0.162449234,0.156487191,0.145118713,0.134424924,0.124336835,0.114795297,0.105749225,0.097154211,0.088971421,0.070103456,0.053173003,0.037851431,0.023885364,0.011075528,0.000738135,0.011849534,0.022458248,0.032610553,0.042346418,-0.412144215,-0.41,0.977468257,0.654844463
SA(0.042),0.967548731,0.977689752,0.979717957,0.982760263,0.986816672,0.987830774,0.989858978,0.992901285,0.993915387,0.997971796,1,0.997817825,0.996611815,0.995330992,0.99255631,0.989526185,0.981160599,0.972421143,0.9641662,0.961129095,0.956912755,0.950811806,0.945780731,0.941642406,0.938210368,0.935324822,0.932860815,0.928847698,0.925680849,0.923089914,0.922399464,0.920916754,0.91906149,0.90554163,0.890391732,0.876061802,0.862469025,0.849542577,0.825452509,0.803391866,0.793023424,0.783052282,0.764190797,0.755251919,0.746612536,0.730158772,0.714698489,0.707306,0.700122275,0.686337812,0.673266487,0.660840804,0.649002383,0.643287249,0.637700384,0.626890267,0.616532789,0.59240061,0.570441918,0.550313447,0.543837243,0.531746794,0.51452815,0.498484453,0.483473672,0.46937782,0.456097831,0.443549734,0.420371997,0.39937949,0.380218371,0.362613311,0.346345953,0.331240267,0.317152328,0.303962994,0.291572555,0.279896746,0.258411821,0.239044556,0.230041972,0.221443964,0.205338166,0.19051243,0.17679431,0.16404331,0.157993452,0.15214351,0.140998197,0.130525884,0.120657296,0.111333073,0.102501984,0.094119516,0.086146768,0.067792735,0.051360213,0.036520883,0.023021915,0.010664699,0.000710177,0.011410679,0.021644059,0.03145214,0.040871183,-0.410811893,-0.40788832,0.974582568,0.646737503
SA(0.044),0.962903021,0.973813897,0.975996072,0.979269335,0.983633686,0.984724773,0.986906949,0.990180211,0.991271299,0.99563565,0.997817825,1,0.998870605,0.997665496,0.99503754,0.992144638,0.984058968,0.975485461,0.967282183,0.964238767,0.959990416,0.953792909,0.948634377,0.944356713,0.940784936,0.937765395,0.93517596,0.930940412,0.927586469,0.92483787,0.92410497,0.922530698,0.920069857,0.903705824,0.888282577,0.873699724,0.859872184,0.84672721,0.822242451,0.79983507,0.789308636,0.779188612,0.760053837,0.750989314,0.742230903,0.725557091,0.709898136,0.70241347,0.695141944,0.681193965,0.667973706,0.655412078,0.643449338,0.637676031,0.632033473,0.621118926,0.610665567,0.58632623,0.564199373,0.543934386,0.537417942,0.52525727,0.507949861,0.491835659,0.476769874,0.46263228,0.449321975,0.43675346,0.413559688,0.392577833,0.373448208,0.355891126,0.339684913,0.324650974,0.310643373,0.297541368,0.285243964,0.273665858,0.252387083,0.233236197,0.224344469,0.215858616,0.199979912,0.185383519,0.171895656,0.159374845,0.153439822,0.147704441,0.136787195,0.126541221,0.116896953,0.107794819,0.099183433,0.091018179,0.083260086,0.065431271,0.049507614,0.035161116,0.022139505,0.010244848,0.000681606,0.010962188,0.020811991,0.030268289,0.039363552,-0.409541563,-0.405874894,0.971605963,0.638840764
SA(0.045),0.960471169,0.971765121,0.974023911,0.977412097,0.981929677,0.983059073,0.985317863,0.988706048,0.989835444,0.994353024,0.996611815,0.998870605,1,0.998832748,0.996278155,0.993453865,0.985508153,0.97701762,0.968840174,0.965793604,0.961529246,0.95528346,0.950061199,0.945713866,0.94207222,0.938985681,0.936333532,0.93198677,0.928539278,0.925711848,0.924957723,0.92333767,0.91928938,0.902775029,0.887213188,0.872502098,0.858555528,0.845299756,0.82061488,0.798031695,0.787425156,0.777229645,0.757956305,0.748828078,0.740009316,0.723223936,0.707464249,0.699932847,0.692616805,0.678585919,0.665290148,0.652659593,0.64063382,0.634831018,0.629160222,0.618192726,0.607690755,0.583246383,0.561034262,0.54070006,0.534163212,0.521966935,0.504614521,0.488464572,0.473370899,0.459212141,0.445886463,0.433307596,0.410105695,0.389129241,0.370015584,0.352482828,0.336307616,0.321310055,0.307343187,0.294285459,0.282035227,0.270506659,0.249332406,0.23029123,0.221455707,0.213026719,0.197263157,0.182783046,0.169411929,0.157007829,0.151131029,0.145453734,0.134652123,0.124520908,0.114990376,0.106000845,0.097500854,0.089445732,0.081796474,0.064233955,0.048568305,0.034471683,0.021692104,0.010031975,0.00066712,0.010734793,0.020390113,0.02966805,0.038599149,-0.408927893,-0.40490225,0.970091885,0.635
SA(0.046),0.95797893,0.969651449,0.971985953,0.975487709,0.980156717,0.981323969,0.983658473,0.987160228,0.98832748,0.992996488,0.995330992,0.997665496,0.998832748,1,0.99751877,0.994763092,0.986957338,0.978549778,0.970398166,0.96734844,0.963068076,0.956774012,0.951488022,0.94707102,0.943359504,0.940205967,0.937491104,0.933033127,0.929492088,0.926585827,0.925810476,0.924144642,0.918502559,0.901836668,0.886135107,0.871294738,0.857228169,0.843860698,0.818974079,0.796213661,0.785526365,0.775254754,0.755841724,0.746649274,0.737769672,0.720871815,0.705010578,0.697432061,0.69007114,0.675956674,0.662584776,0.649884734,0.637795416,0.63196288,0.626263616,0.615242741,0.604691761,0.580141502,0.557843425,0.537439443,0.530882027,0.518649856,0.50125207,0.485066083,0.469944294,0.455764201,0.442423027,0.429833723,0.406623627,0.385652616,0.366555058,0.349046825,0.332902867,0.317941979,0.304016175,0.291003085,0.278800408,0.267321779,0.2462529,0.227322324,0.218543465,0.210171804,0.194524319,0.180161436,0.166908012,0.154621572,0.14880347,0.143184732,0.132499696,0.122484173,0.1130683,0.104192289,0.095804597,0.087860504,0.080320964,0.063026907,0.047621361,0.033776647,0.021241065,0.009817371,0.000652515,0.010505549,0.019964807,0.029062932,0.037828533,-0.408327711,-0.403950984,0.968565059,0.631243567
SA(0.048),0.952856631,0.965262781,0.967744011,0.971465856,0.976428316,0.977668931,0.980150161,0.983872005,0.98511262,0.99007508,0.99255631,0.99503754,0.996278155,0.99751877,1,0.997381546,0.989855707,0.981614096,0.973514148,0.970458112,0.966145736,0.959755114,0.954341668,0.949785326,0.945934072,0.94264654,0.939806248,0.935125842,0.931397707,0.928333783,0.927515983,0.925758586,0.916912504,0.899940372,0.883956456,0.86885483,0.854545763,0.840952565,0.81565825,0.792539669,0.781689175,0.771263776,0.751568451,0.742246216,0.733243663,0.716118509,0.700052053,0.692378322,0.684926707,0.670643337,0.657117598,0.644277132,0.632059398,0.626166772,0.62040998,0.609281234,0.598631215,0.573866971,0.551395187,0.530850192,0.52425121,0.511946502,0.494457027,0.478198211,0.463019606,0.448796396,0.435423905,0.422813511,0.399586853,0.378626845,0.359561818,0.342103144,0.326022346,0.311135569,0.29729275,0.284369866,0.272263291,0.260885584,0.240029647,0.22132258,0.212658229,0.204402419,0.188989511,0.174863527,0.161847948,0.149799281,0.144099797,0.138599396,0.128149941,0.118368216,0.109184055,0.100537449,0.092376701,0.084656978,0.077339166,0.060587632,0.045707719,0.032372075,0.02032958,0.009383686,0.000623002,0.01004228,0.019105321,0.027840073,0.036271226,-0.407165528,-0.402108968,0.965486239,0.624013292
SA(0.05),0.947630923,0.960723192,0.963341646,0.967269327,0.972506234,0.973815461,0.976433915,0.980361596,0.981670823,0.986907731,0.989526185,0.992144638,0.993453865,0.994763092,0.997381546,1,0.992754077,0.984678413,0.976630131,0.973567785,0.969223397,0.962736217,0.957195314,0.952499633,0.94850864,0.945087113,0.942121393,0.937218557,0.933303326,0.93008174,0.929221489,0.927372529,0.915304974,0.898023235,0.88175386,0.866388107,0.851833876,0.83801247,0.812305978,0.788825298,0.777809813,0.767228936,0.747248213,0.737794767,0.728667912,0.711312961,0.695039032,0.68726904,0.679725734,0.665271604,0.651590334,0.6386079,0.626260339,0.620306963,0.61449201,0.603254207,0.59250406,0.567523481,0.544876081,0.524188523,0.517547518,0.505169475,0.487587303,0.471254858,0.456018813,0.441752012,0.428347861,0.415716145,0.392472742,0.371523857,0.35249172,0.335083149,0.319066204,0.304254354,0.290495431,0.277663746,0.265654328,0.254378652,0.233737998,0.215256897,0.206708313,0.198569626,0.183393872,0.169507392,0.156732271,0.144923991,0.139344429,0.133963665,0.123752381,0.114207023,0.10525712,0.096842441,0.08891113,0.081418244,0.074324597,0.058121549,0.043773045,0.030952067,0.019408077,0.008945235,0.000593165,0.009573919,0.01823639,0.026603774,0.034696803,-0.406050794,-0.400342157,0.962394883,0.617196289
SA(0.055),0.934786689,0.949278536,0.952176905,0.956524459,0.962321198,0.963770383,0.966668752,0.971016306,0.972465491,0.97826223,0.981160599,0.984058968,0.985508153,0.986957338,0.989855707,0.992754077,1,0.992339207,0.984420087,0.981341966,0.976917547,0.970188974,0.964329428,0.9592854,0.95494506,0.951188545,0.947909253,0.942450344,0.938067374,0.934451631,0.933485255,0.930520122,0.911244832,0.89318112,0.876190762,0.860157901,0.84498446,0.830586669,0.803839142,0.779443907,0.768011703,0.757038135,0.736336583,0.726551737,0.717110931,0.699175584,0.682377637,0.67436452,0.666589632,0.651704212,0.637630115,0.624289113,0.611613649,0.605506836,0.599544986,0.588031738,0.577028699,0.551501719,0.528410767,0.507363137,0.500615994,0.48805273,0.470236433,0.453718024,0.438336901,0.423960003,0.410475886,0.397790316,0.374504622,0.353583832,0.334634764,0.317352738,0.301497069,0.28687446,0.273327435,0.260726087,0.248962061,0.237944086,0.217847173,0.199936793,0.191680601,0.183837734,0.169260962,0.155979396,0.143811599,0.132610465,0.127333791,0.122255195,0.112645458,0.103697092,0.095338855,0.087509955,0.080158134,0.073238171,0.066710695,0.051892959,0.038886638,0.02736555,0.017080636,0.007837838,0.000517805,0.00839098,0.016041729,0.023481252,0.03072028,-0.403448142,-0.396217051,0.954762099,0.602103688
SA(0.06),0.923392065,0.938713652,0.941777969,0.946374446,0.95250308,0.954035239,0.957099556,0.961696033,0.963228191,0.969356826,0.972421143,0.975485461,0.97701762,0.978549778,0.981614096,0.984678413,0.992339207,1,0.992210044,0.989116147,0.984611698,0.97764173,0.971463543,0.966071167,0.96138148,0.957289977,0.953697114,0.947682131,0.942831423,0.938821522,0.93774902,0.927318164,0.907193129,0.888349069,0.870639225,0.853940643,0.838149278,0.823176301,0.795389903,0.770082013,0.758233956,0.746868513,0.72544763,0.715332073,0.70557797,0.687063433,0.669742557,0.661486821,0.65348083,0.638165017,0.62369891,0.610000086,0.5969974,0.590737469,0.584629027,0.572840906,0.5615855,0.535513256,0.511979673,0.490572719,0.483719659,0.470971559,0.452921624,0.436217637,0.420691738,0.406204971,0.392641055,0.379901744,0.356573847,0.335681093,0.31681492,0.299659177,0.283964449,0.269530688,0.25619512,0.243823632,0.232304487,0.221543676,0.201989375,0.184648529,0.176684121,0.169136459,0.155157424,0.142479515,0.13091778,0.120322531,0.115348115,0.110571058,0.101561619,0.093209005,0.085441204,0.078196865,0.071423329,0.065075098,0.059112618,0.045677314,0.034010386,0.023786486,0.014758031,0.006732743,0.000442602,0.007210499,0.013851629,0.02036522,0.026752023,-0.401072107,-0.392451125,0.9475,0.589777938
SA(0.065),0.914310479,0.929890392,0.933006375,0.937680348,0.943912314,0.945470305,0.948586287,0.953260261,0.954818253,0.961050218,0.9641662,0.967282183,0.968840174,0.970398166,0.973514148,0.976630131,0.984420087,0.992210044,1,0.996890328,0.992305849,0.985094487,0.978597657,0.972856933,0.9678179,0.963391409,0.959484975,0.952913918,0.947595471,0.943191414,0.939759299,0.924189257,0.903233863,0.883627258,0.865214344,0.847865229,0.831470038,0.815934996,0.787133427,0.760933705,0.748679283,0.736930906,0.714807102,0.704368379,0.694308126,0.675227613,0.657395739,0.648902918,0.640671098,0.624934711,0.610085537,0.596037054,0.582714611,0.576305055,0.570053366,0.557996644,0.546494629,0.51988956,0.495923445,0.474165365,0.467208803,0.454280085,0.436001842,0.419116511,0.403449139,0.38885501,0.375213115,0.362421288,0.339052151,0.318186794,0.299401626,0.282369284,0.266831825,0.252582603,0.239453668,0.227306795,0.216026945,0.205517431,0.186493362,0.169709057,0.162029778,0.154770585,0.141375649,0.129287626,0.118318126,0.108314939,0.103635884,0.099153488,0.090730651,0.082960196,0.075769362,0.069096247,0.062887803,0.057098261,0.051687886,0.039603475,0.029245382,0.020289078,0.012488416,0.00565286,0.000369114,0.00605695,0.011711494,0.017320278,0.022874298,-0.398886367,-0.388986808,0.940812932,0.579935195
SA(0.067),0.911374336,0.926922698,0.930032371,0.934696879,0.940916224,0.942471061,0.945580733,0.950245242,0.951800078,0.958019423,0.961129095,0.964238767,0.965793604,0.96734844,0.970458112,0.973567785,0.981341966,0.989116147,0.996890328,1,0.995383509,0.988075589,0.981451303,0.97557124,0.970392468,0.965831981,0.961800119,0.955006632,0.94950109,0.94493937,0.938786553,0.92297276,0.901694529,0.881791452,0.863105189,0.845503152,0.828873197,0.813119629,0.78392337,0.757376909,0.744964496,0.733067236,0.710670142,0.700105774,0.689926493,0.670625932,0.652595386,0.644010387,0.635690767,0.619790864,0.604792757,0.590608328,0.577161566,0.570693838,0.564386455,0.552225302,0.540627407,0.51381518,0.489680899,0.467786304,0.460789503,0.447790561,0.429423553,0.412467717,0.396745341,0.38210947,0.368437258,0.355625014,0.332239843,0.311385137,0.292631463,0.275647099,0.260170785,0.24599331,0.232944713,0.220885168,0.209698355,0.199286544,0.180468625,0.163900699,0.156332275,0.149185238,0.136017395,0.124158715,0.113419472,0.103646474,0.099082254,0.094714419,0.086519649,0.078975534,0.072009019,0.065557993,0.059569253,0.053996924,0.048801204,0.03724201,0.027392784,0.01892931,0.011606006,0.005233009,0.000340543,0.005608458,0.010879426,0.016136427,0.021366667,-0.398058813,-0.387675167,0.938325892,0.576602724
SA(0.07),0.90767019,0.923058492,0.926136152,0.930752642,0.936907963,0.938446793,0.941524454,0.946140944,0.947679774,0.953835095,0.956912755,0.959990416,0.961529246,0.963068076,0.966145736,0.969223397,0.976917547,0.984611698,0.992305849,0.995383509,1,0.992547243,0.985731771,0.9796427,0.97425432,0.96949284,0.965272836,0.958145704,0.952359519,0.944558015,0.937367617,0.921198268,0.899449117,0.879113578,0.860028584,0.842057611,0.825085209,0.809012878,0.779240887,0.752188643,0.739545768,0.727431335,0.704635595,0.69388795,0.683535043,0.663913501,0.645593153,0.636873697,0.628426003,0.61228758,0.597072225,0.582689494,0.569061389,0.562508805,0.556120182,0.543806698,0.532068944,0.504954536,0.480574954,0.458481226,0.451425726,0.43832435,0.419827862,0.402769181,0.386966571,0.372269812,0.358553376,0.345711349,0.322302789,0.301463621,0.282755887,0.265841507,0.250454385,0.236381567,0.223450158,0.211517999,0.200466897,0.190197603,0.171680394,0.155428099,0.148021379,0.141037941,0.128201358,0.116677219,0.106273849,0.096836626,0.092439914,0.088239189,0.080377098,0.073163142,0.066523842,0.060396773,0.054728513,0.049473032,0.044590427,0.033797363,0.024690414,0.01694583,0.010318842,0.004620577,0.000298866,0.004954248,0.009665695,0.014409553,0.019167499,-0.396862688,-0.385779352,0.934807671,0.57216696
SA(0.075),0.903114164,0.918019677,0.92100078,0.925472434,0.931434639,0.93292519,0.935906293,0.940377947,0.941868498,0.947830704,0.950811806,0.953792909,0.95528346,0.956774012,0.959755114,0.962736217,0.970188974,0.97764173,0.985094487,0.988075589,0.992547243,1,0.992865886,0.986428467,0.98069074,0.975594272,0.971060696,0.963377491,0.957123567,0.942577188,0.935135802,0.918407205,0.895917354,0.874901606,0.855189456,0.836638191,0.819127162,0.802553455,0.771875908,0.744028126,0.731022764,0.718566744,0.695143982,0.684108065,0.673482064,0.653355657,0.634579486,0.625648545,0.616999406,0.60048582,0.58492876,0.570234125,0.556320789,0.549634736,0.543118333,0.53056525,0.518607514,0.491017814,0.466252402,0.443845461,0.436697636,0.423435143,0.404734999,0.387514555,0.371585747,0.356793219,0.343007223,0.330118352,0.306673005,0.285858274,0.267222799,0.250418496,0.235171661,0.221263458,0.20851637,0.196784573,0.185946928,0.175901798,0.157857568,0.142101722,0.134949342,0.128223227,0.115907675,0.104909728,0.095034647,0.086125557,0.081992315,0.078054435,0.070715607,0.064020953,0.05789632,0.052278798,0.047114614,0.042357497,0.037967383,0.028379349,0.020439914,0.013826055,0.008294289,0.003657294,0.000233313,0.003925254,0.007756642,0.01169339,0.015708473,-0.394978687,-0.382793282,0.929513761,0.566062849
SA(0.08),0.900122399,0.914390628,0.917244273,0.921524742,0.927232034,0.928658856,0.931512502,0.935792971,0.937219794,0.942927085,0.945780731,0.948634377,0.950061199,0.951488022,0.954341668,0.957195314,0.964329428,0.971463543,0.978597657,0.981451303,0.985731771,0.992865886,1,0.993214233,0.98712716,0.981695704,0.976848557,0.968609278,0.961887615,0.940779315,0.933110123,0.915873933,0.892711794,0.871078663,0.850797283,0.831719324,0.813719416,0.796690642,0.765191178,0.736621337,0.723286967,0.71052091,0.686529039,0.675231476,0.664357606,0.643772965,0.624583072,0.615460179,0.6066282,0.589774103,0.573906899,0.558929168,0.544756946,0.537949751,0.53131737,0.518546818,0.506389418,0.478368325,0.45325272,0.430561495,0.423329872,0.409921144,0.391036153,0.373668887,0.357625538,0.342746085,0.328896956,0.315965565,0.292486829,0.27169428,0.253124388,0.236419996,0.221300492,0.207541697,0.194961907,0.183411967,0.172768063,0.162926392,0.145311456,0.130006205,0.123084675,0.116592115,0.10474947,0.094229115,0.084833528,0.076403792,0.072509685,0.068810372,0.061946478,0.05572316,0.050065659,0.04491062,0.040203955,0.035899171,0.031956062,0.023461757,0.016582001,0.010994431,0.00645673,0.002782983,0.000173815,0.0029913,0.006023915,0.009228099,0.012568932,-0.393216322,-0.38,0.924908115,0.561264169
SA(0.085),0.8982135,0.911785033,0.91449934,0.9185708,0.923999413,0.925356566,0.928070873,0.932142333,0.933499486,0.9389281,0.941642406,0.944356713,0.945713866,0.94707102,0.949785326,0.952499633,0.9592854,0.966071167,0.972856933,0.97557124,0.9796427,0.986428467,0.993214233,1,0.99356358,0.987797136,0.982636418,0.973841065,0.966651663,0.93920167,0.931332577,0.913650969,0.889898894,0.867724005,0.846943121,0.827402985,0.808974083,0.791545985,0.759325283,0.730121831,0.716498755,0.703460638,0.678969371,0.66744221,0.656350833,0.635364089,0.615811152,0.60651982,0.597527398,0.580374501,0.564235143,0.549008993,0.534609597,0.5276961,0.520961947,0.508000564,0.495667959,0.467268314,0.441845413,0.418904727,0.41159957,0.39806252,0.379015326,0.361519222,0.345375362,0.330419633,0.316515102,0.303546402,0.280038366,0.259265281,0.24075294,0.224136219,0.209128448,0.195500761,0.183067776,0.171677416,0.161203521,0.151540387,0.13430216,0.119392309,0.112673351,0.106385737,0.094958072,0.084856806,0.075881979,0.067872878,0.064188615,0.060698646,0.054251509,0.048441792,0.043194203,0.038444996,0.034139806,0.030231948,0.026681087,0.019146538,0.013196657,0.008509662,0.004844259,0.00201577,0.000121605,0.00217175,0.004503435,0.00706479,0.009813965,-0.391560835,-0.378456937,0.920936864,0.557478353
SA(0.09),0.89701728,0.90989012,0.912464688,0.91632654,0.921475676,0.92276296,0.925337528,0.92919938,0.930486664,0.9356358,0.938210368,0.940784936,0.94207222,0.943359504,0.945934072,0.94850864,0.95494506,0.96138148,0.9678179,0.970392468,0.97425432,0.98069074,0.98712716,0.99356358,1,0.993898568,0.988424279,0.979072852,0.966093257,0.93787696,0.929840015,0.911784401,0.88753697,0.86490718,0.843706876,0.82377866,0.804989542,0.787226141,0.754399833,0.724664353,0.710798857,0.697532299,0.6726217,0.660901753,0.649627741,0.628303359,0.608445584,0.599012817,0.589885676,0.572481882,0.556114004,0.540679263,0.526089114,0.519086357,0.512266749,0.49914513,0.486665409,0.457947905,0.432266974,0.409116821,0.401749921,0.388105121,0.368921728,0.351317442,0.335089186,0.320069409,0.30611836,0.293118332,0.269585693,0.248828952,0.230364935,0.21382183,0.198907879,0.18539028,0.173080563,0.161824198,0.151493056,0.141979835,0.125057921,0.110480078,0.103931214,0.097815688,0.086736472,0.076987105,0.06836558,0.060709677,0.057201614,0.053887426,0.04779023,0.042327804,0.037424407,0.033015968,0.029047887,0.025473318,0.022251819,0.015523153,0.010354066,0.006423262,0.003490306,0.001371559,7.78E-05,0.001483594,0.003226725,0.005248312,0.007500685,-0.39,-0.377002099,0.917531743,0.554475383
SA(0.095),0.896275658,0.908478521,0.910919094,0.914579953,0.919461099,0.920681385,0.923121958,0.926782817,0.928003104,0.932884249,0.935324822,0.937765395,0.938985681,0.940205967,0.94264654,0.945087113,0.951188545,0.957289977,0.963391409,0.965831981,0.96949284,0.975594272,0.981695704,0.987797136,0.993898568,1,0.994212139,0.984304639,0.965518643,0.936832648,0.928663379,0.910312924,0.885674989,0.862686586,0.841155639,0.820921488,0.801848399,0.783820669,0.750516942,0.720362047,0.706305444,0.692858797,0.667617626,0.655745699,0.644327709,0.622737158,0.602639068,0.593094804,0.583861459,0.566259876,0.549711847,0.534112667,0.519372141,0.512299018,0.505412043,0.492164105,0.479568408,0.450600324,0.42471598,0.401400699,0.393985123,0.380255381,0.360964619,0.343275049,0.32698026,0.311909993,0.297922272,0.284897546,0.261345513,0.240601656,0.222175734,0.205690663,0.190850673,0.17741986,0.165207319,0.154056587,0.143837982,0.134442942,0.117770388,0.103454277,0.097039505,0.091059642,0.080255118,0.070783166,0.062440159,0.055062693,0.051693534,0.048517921,0.042696594,0.03750795,0.032875891,0.02873609,0.025033763,0.021721936,0.018760084,0.012666721,0.00811316,0.004778485,0.002422942,0.000863707,4.32E-05,0.000941097,0.002220254,0.003816323,0.005677052,-0.39,-0.37562594,0.914620941,0.552077862
SA(0.1),0.895818507,0.907394228,0.909709372,0.913182089,0.917812377,0.91896995,0.921285094,0.92475781,0.925915382,0.930545671,0.932860815,0.93517596,0.936333532,0.937491104,0.939806248,0.942121393,0.947909253,0.953697114,0.959484975,0.961800119,0.965272836,0.971060696,0.976848557,0.982636418,0.988424279,0.994212139,1,0.989536426,0.965110225,0.936090384,0.927827065,0.909267046,0.884351553,0.861108259,0.839342301,0.818890701,0.799615776,0.781400168,0.747757107,0.717304106,0.70311167,0.689537022,0.664060891,0.652080941,0.640560617,0.618780881,0.598511983,0.588888471,0.579579639,0.561837474,0.5451614,0.529445341,0.514597933,0.507474796,0.500539939,0.487202217,0.474524087,0.4453779,0.419348976,0.395916327,0.388466155,0.374676039,0.355308961,0.337558775,0.321216697,0.306110543,0.292096756,0.279054476,0.255488658,0.234753958,0.216355114,0.199911291,0.18512387,0.171754742,0.159611271,0.148535619,0.138397002,0.129085961,0.112590644,0.098460564,0.092141099,0.086257662,0.075648381,0.066373605,0.058228561,0.051048999,0.047778569,0.04470145,0.039076202,0.034082152,0.029642951,0.02569409,0.022180652,0.019055574,0.01627827,0.010636461,0.006520395,0.00360943,0.001664293,0.000502742,1.86E-05,0.000555509,0.001504886,0.002798511,0.004380872,-0.39,-0.374320385,0.912135522,0.550150209
SA(0.11),0.895364261,0.905827835,0.90792055,0.911059622,0.915245052,0.916291409,0.918384124,0.921523196,0.922569553,0.926754983,0.928847698,0.930940412,0.93198677,0.933033127,0.935125842,0.937218557,0.942450344,0.947682131,0.952913918,0.955006632,0.958145704,0.963377491,0.968609278,0.973841065,0.979072852,0.984304639,0.989536426,1,0.968159219,0.938896292,0.93056395,0.911849252,0.886726936,0.863291647,0.841346812,0.820728019,0.80129637,0.782933467,0.749020638,0.718326261,0.704022334,0.690341686,0.664668406,0.652596605,0.640988498,0.619044346,0.598624362,0.588929806,0.579552695,0.56168165,0.544886024,0.529058787,0.514107751,0.506935407,0.499952971,0.486524682,0.473761661,0.444425066,0.418232226,0.394657517,0.387163363,0.373293447,0.35381805,0.335972759,0.319546964,0.304366988,0.290288033,0.2771882,0.253526741,0.232717891,0.214262235,0.197775786,0.182957479,0.169567279,0.157411015,0.146329604,0.13619124,0.126885627,0.110413994,0.096321215,0.090024478,0.084166054,0.073612608,0.064399986,0.056322054,0.049213505,0.045979776,0.042940035,0.037391272,0.032475579,0.028116177,0.024248206,0.020816463,0.017773648,0.015078979,0.009644389,0.005735044,0.003029101,0.001286521,0.000324577,1.73E-06,0.000206658,0.000850681,0.001862307,0.003183322,-0.39,-0.37189448,0.908197241,0.555434867
SA(0.12),0.895190941,0.904719038,0.906624657,0.909483086,0.913294324,0.914247134,0.916152753,0.919011182,0.919963992,0.92377523,0.925680849,0.927586469,0.928539278,0.929492088,0.931397707,0.933303326,0.938067374,0.942831423,0.947595471,0.94950109,0.952359519,0.957123567,0.961887615,0.966651663,0.966093257,0.965518643,0.965110225,0.968159219,1,0.970708559,0.962363088,0.943610778,0.918420221,0.894902803,0.872864754,0.852143865,0.832602986,0.814125126,0.779969532,0.749020638,0.734586559,0.720774437,0.69483564,0.682630357,0.67088859,0.648677281,0.627991281,0.618164411,0.608655562,0.590523022,0.573468877,0.557386386,0.54218356,0.534886661,0.527780578,0.514107751,0.501103886,0.471181311,0.444425066,0.420308605,0.412634991,0.398423315,0.37844605,0.36011707,0.343224645,0.327594039,0.313079465,0.29955811,0.275092584,0.253526741,0.234356066,0.217192225,0.201730433,0.187727449,0.174986327,0.163345567,0.152671248,0.142851208,0.125408896,0.110413994,0.103689039,0.097416319,0.086072673,0.076116141,0.067335556,0.059561362,0.056007535,0.052655633,0.046504887,0.041014793,0.036106226,0.031712266,0.027775896,0.024248206,0.021086981,0.014558046,0.009644389,0.006011043,0.003407524,0.001642649,0.000567935,6.63E-05,4.42E-05,0.000426083,0.001150161,-0.39,-0.369679802,0.905304638,0.559702703
SA(0.13),0.89512261,0.903862392,0.905610349,0.908232283,0.911728196,0.912602175,0.914350131,0.916972066,0.917846044,0.921341957,0.923089914,0.92483787,0.925711848,0.926585827,0.928333783,0.93008174,0.934451631,0.938821522,0.943191414,0.94493937,0.944558015,0.942577188,0.940779315,0.93920167,0.93787696,0.936832648,0.936090384,0.938896292,0.970708559,1,0.991649925,0.972879808,0.947649033,0.924077123,0.901973058,0.881176803,0.86155294,0.842985873,0.808637539,0.777482223,0.762941338,0.749020638,0.722860812,0.710543665,0.698689454,0.67625227,0.655340076,0.645400288,0.635778763,0.617421904,0.600145209,0.583842304,0.568421463,0.561016516,0.553803051,0.539917508,0.526703728,0.496268885,0.469018307,0.444425066,0.436593234,0.422079887,0.401658826,0.382901299,0.365594733,0.349563572,0.334661256,0.320764238,0.295580933,0.273338019,0.253526741,0.235755115,0.219715204,0.205161039,0.191893297,0.179748397,0.168590593,0.158306109,0.139986455,0.124175088,0.117062222,0.110413994,0.098353574,0.08772161,0.078302494,0.069922911,0.066077799,0.062441731,0.055742707,0.049729119,0.044319751,0.03944585,0.035048781,0.031078197,0.027490602,0.019960789,0.01412763,0.009644389,0.006251192,0.003749253,0.001983837,0.000832665,0.000197826,5.27E-09,0.000174291,-0.39,-0.367642495,0.903157053,0.56456375
