,,,GM,rotD50,rotD50,rotD50,rotD50,rotD50,rotD50,rotD50,rotD50,rotD50,rotD50,rotD50,rotD50,rotD50,rotD50,rotD50,rotD50,rotD50,rotD50,rotD50,rotD50,rotD50,rotD50,rotD50,rotD50,rotD50,rotD50,rotD50,rotD50,rotD50,rotD50,rotD50,rotD50,rotD50,rotD50,rotD50,rotD50
,,,RSD595,"AvgSA[0,3]","AvgSA[0,6]",PGA,SA,SA,SA,SA,SA,SA,SA,SA,SA,SA,SA,SA,SA,SA,SA,SA,SA,SA,SA,SA,SA,SA,SA,SA,SA,SA,SA,SA,SA,SA,SA,SA,SA
,,,None,3.0,6.0,None,0.025,0.04,0.05,0.07,0.1,0.15,0.2,0.25,0.3,0.35,0.4,0.45,0.5,0.6,0.7,0.75,0.8,0.9,1.0,1.2,1.4,1.6,1.8,2.0,2.5,3.0,3.5,4.0,4.5,5.0,6.0,7.0,8.0
GM,RSD595,None,0.9999999999999998,-0.1134670229712496,-0.09462635264883086,-0.4709250125077347,-0.4639397963305848,-0.45289584184750487,-0.46222178578886003,-0.47709118202532835,-0.4940463600780483,-0.47778136363031687,-0.44854346834852415,-0.41531416217199246,-0.39125010204322236,-0.3556737099790735,-0.33769290107858396,-0.32375995778154554,-0.3046932274284701,-0.2781972685697674,-0.23894325793943139,-0.22226435147602774,-0.2017547372017418,-0.17510418808064726,-0.1521845462855185,-0.11929592220139881,-0.10236006545801966,-0.10757257699518352,-0.10057449268259269,-0.10460224846074115,-0.07014091200698223,-0.03215830801671031,-0.0435571721141848,-0.053366400486208575,-0.0319379698490649,-0.03164524611998079,-0.03386197921035509,-0.05220757526383296,-0.05820248095052482
rotD50,"AvgSA[0,3]",3.0,-0.1134670229712496,0.9999999999999994,0.9199252485262914,0.6989311895675996,0.683978260355986,0.6479568535045487,0.6224537849764378,0.5804886676456856,0.5551113360811134,0.5616691342625725,0.6219139989648647,0.6619701974421753,0.7059869248259965,0.7450119671243357,0.7747775216410789,0.8017787824935313,0.828419962973381,0.8710827094928568,0.8974487963807206,0.9114118083473061,0.9171274940722294,0.9311376930756953,0.93956510851765,0.9454133445341955,0.9421556055688016,0.9410459605832676,0.9337006102862057,0.9223589831104159,0.9199823173451285,0.9360969920282618,0.9103171034770267,0.8975518078254422,0.8830955168188536,0.8749805036275162,0.8022174846257896,0.7834015410587901,0.7568474068110617
rotD50,"AvgSA[0,6]",6.0,-0.09462635264883086,0.9199252485262914,0.9999999999999999,0.6481965404037762,0.6335534821170226,0.6112895747072327,0.5894871462930137,0.5520957589438423,0.5116455259715272,0.5007217564550882,0.5467774307349972,0.5632497797539509,0.593550676891431,0.6218201703587045,0.660152825664163,0.6863810355874381,0.7114819152257751,0.7526624251556685,0.7827871577520442,0.797092869467853,0.805669385111648,0.8191671593942029,0.829241614850851,0.8386106680069368,0.8451374118195395,0.8553476889995655,0.864257681603457,0.8673041529345735,0.8886217958294655,0.9130836738994758,0.9220891314606273,0.9276761567473344,0.9381595539002452,0.9341497364084846,0.9419757206219216,0.9194178748477793,0.891400653492762
rotD50,PGA,None,-0.4709250125077347,0.6989311895675996,0.6481965404037762,1.0000000000000002,0.9972255820965742,0.9834727332779175,0.9789988004044811,0.9700710433181448,0.9669178436827424,0.9659200209415938,0.9681638169593072,0.9559410395786521,0.9407044146133008,0.9216998731877192,0.9122595613795008,0.8974796320387544,0.8778128669157895,0.8282957508441214,0.7878928332140375,0.7684389532592334,0.7529653488057754,0.7343366837699236,0.7129465481381846,0.6819273041942467,0.6519902774718475,0.655521978208482,0.6554987405523527,0.6536697628933157,0.6089425715487781,0.5647533133091259,0.5744082494617506,0.5837584045947313,0.5756384600547204,0.5782940776060372,0.5723726576653703,0.5936053283762824,0.597437706323783
rotD50,SA,0.025,-0.4639397963305848,0.683978260355986,0.6335534821170226,0.9972255820965742,1.0000000000000009,0.9907899793293923,0.984633064561229,0.9735276651711795,0.9684849936688135,0.9640513744467941,0.9640827206899965,0.9489898586328851,0.9312830041565308,0.9103480936632473,0.9003993067210216,0.8854544163903849,0.8646307902492636,0.813292494451822,0.7725758118930093,0.7526599094236851,0.7379346757472418,0.7187360451296284,0.6974411091655458,0.6662769994696576,0.6353145237956378,0.6406748471136119,0.6410985592186732,0.640877344028739,0.5964249730856096,0.5536561178026588,0.5665128948480318,0.5776290759580036,0.5703421017429063,0.5733243400129138,0.5660894850547954,0.5874739634347839,0.5922456601299431
rotD50,SA,0.04,-0.45289584184750487,0.6479568535045487,0.6112895747072327,0.9834727332779175,0.9907899793293923,0.9999999999999999,0.9932862006098273,0.980605626310545,0.968717385135501,0.956113511717535,0.9478783742567651,0.9230291524812595,0.899627968531924,0.8748844825602188,0.86417421053801,0.848881117868489,0.8265613551577541,0.7721192608138432,0.7300555288067865,0.7100175813819869,0.6966604564131227,0.6782436083061437,0.6581108989345402,0.6273120584606234,0.5956718463585714,0.6024464475046241,0.6061045201159923,0.6083304441074988,0.56408310814748,0.5255477216897028,0.5449636035096598,0.5597618368479169,0.5550742969498882,0.5608530670836825,0.5615245676667272,0.5821430108632574,0.5881288697694356
rotD50,SA,0.05,-0.46222178578886003,0.6224537849764378,0.5894871462930137,0.9789988004044811,0.984633064561229,0.9932862006098273,1.0000000000000002,0.9864705748442743,0.9730948860821049,0.9552113418547028,0.943481221852856,0.9154203803063766,0.8899306027152593,0.8629287833435018,0.8505015316700949,0.8339484701242258,0.8111106766510836,0.7543738347953736,0.7119380473017478,0.691101577295128,0.6765840197359675,0.6580045440237325,0.6379432331766871,0.607114290079947,0.5747534403543916,0.5801272198100795,0.584435348308895,0.5857409765169205,0.5402046202372527,0.4993786488506935,0.519781732181142,0.5356011951499847,0.5321955732823384,0.5408275925984363,0.5447474457964082,0.5665668928972847,0.5727753604673008
rotD50,SA,0.07,-0.47709118202532835,0.5804886676456856,0.5520957589438423,0.9700710433181448,0.9735276651711795,0.980605626310545,0.9864705748442743,1.0000000000000004,0.986802878968685,0.9643035856864732,0.9409536587487716,0.9030316958395567,0.8725730508931804,0.8389813279746956,0.8226403112389439,0.8023341635217653,0.7764749000450711,0.7178854408353623,0.6724784401156529,0.650416810798959,0.6346219431785951,0.6149694457786503,0.5944108087484182,0.5623471999303703,0.5287404212142296,0.5336583186429812,0.537947732306409,0.5385265964186694,0.49357914318833895,0.45356378912527834,0.47905641932378606,0.4951858170335155,0.4889363802829295,0.5010315115834706,0.511524507208277,0.5368352987664706,0.5476461088676208
rotD50,SA,0.1,-0.4940463600780483,0.5551113360811134,0.5116455259715272,0.9669178436827424,0.9684849936688135,0.968717385135501,0.9730948860821049,0.986802878968685,1.0000000000000002,0.9789173823055562,0.9545359292106991,0.916692953207073,0.8825697972211358,0.8453049477549461,0.8255000392593368,0.8030053873587553,0.77479060773522,0.7120558497877522,0.6636416680808351,0.6394037230158092,0.6215133974352984,0.5998903912627717,0.5762674619122229,0.5409350539794269,0.5070045583808342,0.5133220462890725,0.517819678206535,0.5176836912996835,0.4691530105011308,0.42302008046641326,0.4460490582395656,0.46221784644312836,0.45067868889936674,0.46316721045988835,0.4725333477591772,0.503119704757315,0.5173077388499214
rotD50,SA,0.15,-0.47778136363031687,0.5616691342625725,0.5007217564550882,0.9659200209415938,0.9640513744467941,0.956113511717535,0.9552113418547028,0.9643035856864732,0.9789173823055562,1.0,0.9764420219455832,0.9450023351776101,0.9116278811896634,0.8775667907664921,0.8580135852125211,0.8322053099633862,0.804195594221328,0.7354295109402237,0.6825569942023767,0.657289265313265,0.6391735053994866,0.6166155569050169,0.5920374891020742,0.5559354207007194,0.5209653051021739,0.5258038016065213,0.5266693719255111,0.5243382187642273,0.4694061553225847,0.42062470240363636,0.4333809469103744,0.44626080838577303,0.43106543699304983,0.44317980991183376,0.453805165287735,0.48006557945230016,0.4908524413128168
rotD50,SA,0.2,-0.44854346834852415,0.6219139989648647,0.5467774307349972,0.9681638169593072,0.9640827206899965,0.9478783742567651,0.943481221852856,0.9409536587487716,0.9545359292106991,0.9764420219455832,0.9999999999999999,0.977928279383788,0.9506300906911548,0.9224711794884451,0.9037869046671168,0.8802444566094558,0.8555224681005927,0.7912503598104794,0.7392320184116273,0.7146687514018978,0.6957371618148123,0.6724835354634875,0.6476887608153659,0.6146646177329923,0.5810697698232802,0.5808246121754138,0.5786992990437038,0.5741672297342164,0.5160530104738289,0.4727034965005873,0.48090977541105356,0.49015980497981826,0.476888380795713,0.4819507354633774,0.4769350943746209,0.5021769876099537,0.5099382956658711
rotD50,SA,0.25,-0.41531416217199246,0.6619701974421753,0.5632497797539509,0.9559410395786521,0.9489898586328851,0.9230291524812595,0.9154203803063766,0.9030316958395567,0.916692953207073,0.9450023351776101,0.977928279383788,1.0,0.9822131177572607,0.9603193679347405,0.9408719956666015,0.9174772648115831,0.8968829859203121,0.8419077725752587,0.7902247982243041,0.7660856561151106,0.7472589565825449,0.723580245360671,0.697949815645676,0.6637730277416816,0.6316141134819077,0.6268738105549087,0.6203542993748719,0.6135809572992885,0.5508701359013358,0.5030754395462621,0.505727578875808,0.5111562813154676,0.4912895319308032,0.4915955996360389,0.4727880649350365,0.4945533009109331,0.4984838885585173
rotD50,SA,0.3,-0.39125010204322236,0.7059869248259965,0.593550676891431,0.9407044146133008,0.9312830041565308,0.899627968531924,0.8899306027152593,0.8725730508931804,0.8825697972211358,0.9116278811896634,0.9506300906911548,0.9822131177572607,1.0000000000000004,0.9829460419375935,0.9660288571831397,0.9467737961561871,0.9291042764123457,0.880251438438064,0.8324039674405727,0.8105444311152792,0.7922708287928663,0.770737082718741,0.7458819541003596,0.7124716161877817,0.6811487667831199,0.6725029115481977,0.6658801137027442,0.656117252758498,0.5946625680339576,0.5390040275011837,0.5339481162472266,0.5338275723202892,0.5204046712947913,0.5163257269054294,0.4784849749165126,0.49437452768071455,0.49441993288569647
rotD50,SA,0.35,-0.3556737099790735,0.7450119671243357,0.6218201703587045,0.9216998731877192,0.9103480936632473,0.8748844825602188,0.8629287833435018,0.8389813279746956,0.8453049477549461,0.8775667907664921,0.9224711794884451,0.9603193679347405,0.9829460419375935,1.0000000000000007,0.9858305440761016,0.9683968725400971,0.9523408994289065,0.9101299455356593,0.8674253220655146,0.8478771179855722,0.8306246496998915,0.8111122018426665,0.7873359797449252,0.754693594905202,0.7266635707948809,0.7155662619578147,0.7075135019801501,0.6957308784483179,0.6354574747851774,0.5772676470717938,0.5652056863450814,0.5596759453573047,0.5404211255606028,0.53372722124629,0.4893417262214424,0.5003749832805694,0.49553079035217473
rotD50,SA,0.4,-0.33769290107858396,0.7747775216410789,0.660152825664163,0.9122595613795008,0.9003993067210216,0.86417421053801,0.8505015316700949,0.8226403112389439,0.8255000392593368,0.8580135852125211,0.9037869046671168,0.9408719956666015,0.9660288571831397,0.9858305440761016,1.0000000000000002,0.9874590905008523,0.9726278015398968,0.9352387068392477,0.8988403593957337,0.8815045592379378,0.8651194232273853,0.8466273553765804,0.8247011981787506,0.7935480318018331,0.7683210835697794,0.75991270136134,0.7498771167879134,0.7369319282055052,0.673294811360215,0.6177618421434216,0.605272340817082,0.59744757395816,0.5784022431218472,0.5710682802456443,0.5227438694916696,0.5265943498302097,0.5174028483261991
rotD50,SA,0.45,-0.32375995778154554,0.8017787824935313,0.6863810355874381,0.8974796320387544,0.8854544163903849,0.848881117868489,0.8339484701242258,0.8023341635217653,0.8030053873587553,0.8322053099633862,0.8802444566094558,0.9174772648115831,0.9467737961561871,0.9683968725400971,0.9874590905008523,1.0000000000000007,0.9876091274440888,0.9537303515780122,0.9218940406903952,0.9064676683094611,0.892685025935711,0.8758334906821607,0.8562918332290207,0.82927428524938,0.8037286434087793,0.7936733563671043,0.7830009168343939,0.7686964722841515,0.7073134732230635,0.6490050887187907,0.6354034479078055,0.6276429335445848,0.6080573462918447,0.5992554154318104,0.5426632863341546,0.5434224618695715,0.5318441120003568
rotD50,SA,0.5,-0.3046932274284701,0.828419962973381,0.7114819152257751,0.8778128669157895,0.8646307902492636,0.8265613551577541,0.8111106766510836,0.7764749000450711,0.77479060773522,0.804195594221328,0.8555224681005927,0.8968829859203121,0.9291042764123457,0.9523408994289065,0.9726278015398968,0.9876091274440888,0.9999999999999996,0.9729224383535655,0.9437007890483412,0.9306638325333197,0.9182196402923214,0.9031182452462015,0.8856485793253642,0.8615445163838371,0.8338060485467572,0.8216721800724315,0.8096074639105135,0.7934788274869,0.7368456209198099,0.6769216571067697,0.6608018853421341,0.6522299434418384,0.6265595847546876,0.6179119415856879,0.5591975144569395,0.5557205240774122,0.5412307783909688
rotD50,SA,0.6,-0.2781972685697674,0.8710827094928568,0.7526624251556685,0.8282957508441214,0.813292494451822,0.7721192608138432,0.7543738347953736,0.7178854408353623,0.7120558497877522,0.7354295109402237,0.7912503598104794,0.8419077725752587,0.880251438438064,0.9101299455356593,0.9352387068392477,0.9537303515780122,0.9729224383535655,1.0000000000000002,0.9814273503048648,0.9705464031766827,0.9596189303026454,0.9471473937188505,0.9314733321572994,0.9109145302072936,0.8870398163047507,0.8696487304836695,0.8553970675509023,0.8340223755019204,0.7828025333564468,0.7220402138064254,0.7033989685794401,0.6946662395922865,0.6681241136190078,0.6576488319349443,0.5841334214036954,0.571783697856346,0.5510757478186414
rotD50,SA,0.7,-0.23894325793943139,0.8974487963807206,0.7827871577520442,0.7878928332140375,0.7725758118930093,0.7300555288067865,0.7119380473017478,0.6724784401156529,0.6636416680808351,0.6825569942023767,0.7392320184116273,0.7902247982243041,0.8324039674405727,0.8674253220655146,0.8988403593957337,0.9218940406903952,0.9437007890483412,0.9814273503048648,1.0000000000000002,0.9933195562123225,0.9831937726104808,0.971188896888547,0.9576293926841875,0.9383052596335898,0.9208633612167333,0.902877535824211,0.8873440240308544,0.86354043304536,0.8180641974749866,0.7612261890500626,0.7353635331889075,0.7238723761564846,0.6972611870021211,0.6894579095787512,0.6109190810663371,0.5909509089231479,0.5644572491630764
rotD50,SA,0.75,-0.22226435147602774,0.9114118083473061,0.797092869467853,0.7684389532592334,0.7526599094236851,0.7100175813819869,0.691101577295128,0.650416810798959,0.6394037230158092,0.657289265313265,0.7146687514018978,0.7660856561151106,0.8105444311152792,0.8478771179855722,0.8815045592379378,0.9064676683094611,0.9306638325333197,0.9705464031766827,0.9933195562123225,0.9999999999999996,0.993992874633173,0.9811195469104299,0.9687538008827256,0.9502879802502672,0.936305112988501,0.9202282251851092,0.9035107381798732,0.8806698606043319,0.8408183556252897,0.7850045379342876,0.7594654928737624,0.7459046050377073,0.7240741970046702,0.7159580764233113,0.627067409354113,0.604792294172175,0.5770640469134795
rotD50,SA,0.8,-0.2017547372017418,0.9171274940722294,0.805669385111648,0.7529653488057754,0.7379346757472418,0.6966604564131227,0.6765840197359675,0.6346219431785951,0.6215133974352984,0.6391735053994866,0.6957371618148123,0.7472589565825449,0.7922708287928663,0.8306246496998915,0.8651194232273853,0.892685025935711,0.9182196402923214,0.9596189303026454,0.9831937726104808,0.993992874633173,0.9999999999999993,0.9876563950785839,0.9751984673006141,0.956725542179654,0.9442444489237859,0.9293507657386068,0.9112815834044349,0.8890250146816542,0.8528120979916828,0.7976032452830006,0.7728677331308543,0.7577235411069358,0.7383863794513431,0.7296169885315525,0.6387227866956621,0.615297485326072,0.58573694873943
rotD50,SA,0.9,-0.17510418808064726,0.9311376930756953,0.8191671593942029,0.7343366837699236,0.7187360451296284,0.6782436083061437,0.6580045440237325,0.6149694457786503,0.5998903912627717,0.6166155569050169,0.6724835354634875,0.723580245360671,0.770737082718741,0.8111122018426665,0.8466273553765804,0.8758334906821607,0.9031182452462015,0.9471473937188505,0.971188896888547,0.9811195469104299,0.9876563950785839,0.9999999999999996,0.9900466374491687,0.9722665663113707,0.9588257409177592,0.9441662079967387,0.9280948374988162,0.9065097944431534,0.8714327540513926,0.8164132627713608,0.7921046099922842,0.7750875884258485,0.7537666345064672,0.7435283055866906,0.6536806629587765,0.6296188546993381,0.6001314855142892
rotD50,SA,1.0,-0.1521845462855185,0.93956510851765,0.829241614850851,0.7129465481381846,0.6974411091655458,0.6581108989345402,0.6379432331766871,0.5944108087484182,0.5762674619122229,0.5920374891020742,0.6476887608153659,0.697949815645676,0.7458819541003596,0.7873359797449252,0.8247011981787506,0.8562918332290207,0.8856485793253642,0.9314733321572994,0.9576293926841875,0.9687538008827256,0.9751984673006141,0.9900466374491687,0.9999999999999991,0.9840677603379233,0.9712741585903739,0.9548384791619622,0.940074517862716,0.9201619704811308,0.8887906409762687,0.8372973338131854,0.8144839245691837,0.7971577117690362,0.7773920450551564,0.7673046469982546,0.6713757198607341,0.6465865331028479,0.6160371356740929
rotD50,SA,1.2,-0.11929592220139881,0.9454133445341955,0.8386106680069368,0.6819273041942467,0.6662769994696576,0.6273120584606234,0.607114290079947,0.5623471999303703,0.5409350539794269,0.5559354207007194,0.6146646177329923,0.6637730277416816,0.7124716161877817,0.754693594905202,0.7935480318018331,0.82927428524938,0.8615445163838371,0.9109145302072936,0.9383052596335898,0.9502879802502672,0.956725542179654,0.9722665663113707,0.9840677603379233,1.0000000000000002,0.9878177726898715,0.9710856687255868,0.9556701063780607,0.9357669301424295,0.9086580250265645,0.8607523903540472,0.836661130575361,0.819993694529768,0.8027420399077645,0.791982109613516,0.6909423769497737,0.664568313476603,0.6336525530999603
rotD50,SA,1.4,-0.10236006545801966,0.9421556055688016,0.8451374118195395,0.6519902774718475,0.6353145237956378,0.5956718463585714,0.5747534403543916,0.5287404212142296,0.5070045583808342,0.5209653051021739,0.5810697698232802,0.6316141134819077,0.6811487667831199,0.7266635707948809,0.7683210835697794,0.8037286434087793,0.8338060485467572,0.8870398163047507,0.9208633612167333,0.936305112988501,0.9442444489237859,0.9588257409177592,0.9712741585903739,0.9878177726898715,0.9999999999999998,0.9846810867934922,0.9698592627781403,0.9487343249775428,0.9239794089286045,0.8777242424121864,0.8504354536699235,0.831650596670569,0.8167371876198102,0.8079210355609935,0.7060938342635472,0.67596150007747,0.6441808600364878
rotD50,SA,1.6,-0.10757257699518352,0.9410459605832676,0.8553476889995655,0.655521978208482,0.6406748471136119,0.6024464475046241,0.5801272198100795,0.5336583186429812,0.5133220462890725,0.5258038016065213,0.5808246121754138,0.6268738105549087,0.6725029115481977,0.7155662619578147,0.75991270136134,0.7936733563671043,0.8216721800724315,0.8696487304836695,0.902877535824211,0.9202282251851092,0.9293507657386068,0.9441662079967387,0.9548384791619622,0.9710856687255868,0.9846810867934922,1.000000000000001,0.991686478833479,0.97701349123424,0.9532864112056361,0.905046305135558,0.8753130296220495,0.8582853239789713,0.8428414332675684,0.8326354050983644,0.7420326647331537,0.710551077545657,0.6783726959675652
rotD50,SA,1.8,-0.10057449268259269,0.9337006102862057,0.864257681603457,0.6554987405523527,0.6410985592186732,0.6061045201159923,0.584435348308895,0.537947732306409,0.517819678206535,0.5266693719255111,0.5786992990437038,0.6203542993748719,0.6658801137027442,0.7075135019801501,0.7498771167879134,0.7830009168343939,0.8096074639105135,0.8553970675509023,0.8873440240308544,0.9035107381798732,0.9112815834044349,0.9280948374988162,0.940074517862716,0.9556701063780607,0.9698592627781403,0.991686478833479,1.0,0.9907680904478828,0.9644680259990592,0.9153447096852837,0.8826153418589141,0.8644773531722895,0.8513528071318845,0.8424574090661628,0.7682842996185577,0.7384747361784616,0.7073417093972917
rotD50,SA,2.0,-0.10460224846074115,0.9223589831104159,0.8673041529345735,0.6536697628933157,0.640877344028739,0.6083304441074988,0.5857409765169205,0.5385265964186694,0.5176836912996835,0.5243382187642273,0.5741672297342164,0.6135809572992885,0.656117252758498,0.6957308784483179,0.7369319282055052,0.7686964722841515,0.7934788274869,0.8340223755019204,0.86354043304536,0.8806698606043319,0.8890250146816542,0.9065097944431534,0.9201619704811308,0.9357669301424295,0.9487343249775428,0.97701349123424,0.9907680904478828,1.0000000000000004,0.973573055699993,0.9252584089291501,0.8928905159011253,0.8760404826551859,0.8663073182441405,0.8546861359944599,0.7901497169836823,0.7662995592273956,0.7380202878125186
rotD50,SA,2.5,-0.07014091200698223,0.9199823173451285,0.8886217958294655,0.6089425715487781,0.5964249730856096,0.56408310814748,0.5402046202372527,0.49357914318833895,0.4691530105011308,0.4694061553225847,0.5160530104738289,0.5508701359013358,0.5946625680339576,0.6354574747851774,0.673294811360215,0.7073134732230635,0.7368456209198099,0.7828025333564468,0.8180641974749866,0.8408183556252897,0.8528120979916828,0.8714327540513926,0.8887906409762687,0.9086580250265645,0.9239794089286045,0.9532864112056361,0.9644680259990592,0.973573055699993,1.0000000000000007,0.9521150677230218,0.9236523693510555,0.9077667620945924,0.9031833248374455,0.8918888613392574,0.8323401859019538,0.8122998324950561,0.7836642889445398
rotD50,SA,3.0,-0.03215830801671031,0.9360969920282618,0.9130836738994758,0.5647533133091259,0.5536561178026588,0.5255477216897028,0.4993786488506935,0.45356378912527834,0.42302008046641326,0.42062470240363636,0.4727034965005873,0.5030754395462621,0.5390040275011837,0.5772676470717938,0.6177618421434216,0.6490050887187907,0.6769216571067697,0.7220402138064254,0.7612261890500626,0.7850045379342876,0.7976032452830006,0.8164132627713608,0.8372973338131854,0.8607523903540472,0.8777242424121864,0.905046305135558,0.9153447096852837,0.9252584089291501,0.9521150677230218,1.0000000000000002,0.9689557465455974,0.9547236095834357,0.9412511839593598,0.9286082393394925,0.8707700364798336,0.8487874417260757,0.8180617326224131
rotD50,SA,3.5,-0.0435571721141848,0.9103171034770267,0.9220891314606273,0.5744082494617506,0.5665128948480318,0.5449636035096598,0.519781732181142,0.47905641932378606,0.4460490582395656,0.4333809469103744,0.48090977541105356,0.505727578875808,0.5339481162472266,0.5652056863450814,0.605272340817082,0.6354034479078055,0.6608018853421341,0.7033989685794401,0.7353635331889075,0.7594654928737624,0.7728677331308543,0.7921046099922842,0.8144839245691837,0.836661130575361,0.8504354536699235,0.8753130296220495,0.8826153418589141,0.8928905159011253,0.9236523693510555,0.9689557465455974,1.0000000000000002,0.9892316170171294,0.9726547072347383,0.9625661532335542,0.8962906879548339,0.8737416284631025,0.8441915903334525
rotD50,SA,4.0,-0.053366400486208575,0.8975518078254422,0.9276761567473344,0.5837584045947313,0.5776290759580036,0.5597618368479169,0.5356011951499847,0.4951858170335155,0.46221784644312836,0.44626080838577303,0.49015980497981826,0.5111562813154676,0.5338275723202892,0.5596759453573047,0.59744757395816,0.6276429335445848,0.6522299434418384,0.6946662395922865,0.7238723761564846,0.7459046050377073,0.7577235411069358,0.7750875884258485,0.7971577117690362,0.819993694529768,0.831650596670569,0.8582853239789713,0.8644773531722895,0.8760404826551859,0.9077667620945924,0.9547236095834357,0.9892316170171294,1.0,0.9857570628515114,0.9744198995236406,0.9192236605046471,0.8947235152723723,0.8672578100480353
rotD50,SA,4.5,-0.0319379698490649,0.8830955168188536,0.9381595539002452,0.5756384600547204,0.5703421017429063,0.5550742969498882,0.5321955732823384,0.4889363802829295,0.45067868889936674,0.43106543699304983,0.476888380795713,0.4912895319308032,0.5204046712947913,0.5404211255606028,0.5784022431218472,0.6080573462918447,0.6265595847546876,0.6681241136190078,0.6972611870021211,0.7240741970046702,0.7383863794513431,0.7537666345064672,0.7773920450551564,0.8027420399077645,0.8167371876198102,0.8428414332675684,0.8513528071318845,0.8663073182441405,0.9031833248374455,0.9412511839593598,0.9726547072347383,0.9857570628515114,1.0000000000000007,0.9883890688104511,0.941621324380984,0.9217919803279571,0.8968637399656334
rotD50,SA,5.0,-0.03164524611998079,0.8749805036275162,0.9341497364084846,0.5782940776060372,0.5733243400129138,0.5608530670836825,0.5408275925984363,0.5010315115834706,0.46316721045988835,0.44317980991183376,0.4819507354633774,0.4915955996360389,0.5163257269054294,0.53372722124629,0.5710682802456443,0.5992554154318104,0.6179119415856879,0.6576488319349443,0.6894579095787512,0.7159580764233113,0.7296169885315525,0.7435283055866906,0.7673046469982546,0.791982109613516,0.8079210355609935,0.8326354050983644,0.8424574090661628,0.8546861359944599,0.8918888613392574,0.9286082393394925,0.9625661532335542,0.9744198995236406,0.9883890688104511,1.0,0.9566544585705158,0.9371614493174978,0.9155615155600856
rotD50,SA,6.0,-0.03386197921035509,0.8022174846257896,0.9419757206219216,0.5723726576653703,0.5660894850547954,0.5615245676667272,0.5447474457964082,0.511524507208277,0.4725333477591772,0.453805165287735,0.4769350943746209,0.4727880649350365,0.4784849749165126,0.4893417262214424,0.5227438694916696,0.5426632863341546,0.5591975144569395,0.5841334214036954,0.6109190810663371,0.627067409354113,0.6387227866956621,0.6536806629587765,0.6713757198607341,0.6909423769497737,0.7060938342635472,0.7420326647331537,0.7682842996185577,0.7901497169836823,0.8323401859019538,0.8707700364798336,0.8962906879548339,0.9192236605046471,0.941621324380984,0.9566544585705158,1.0000000000000004,0.9836873380670996,0.9644266636881347
rotD50,SA,7.0,-0.05220757526383296,0.7834015410587901,0.9194178748477793,0.5936053283762824,0.5874739634347839,0.5821430108632574,0.5665668928972847,0.5368352987664706,0.503119704757315,0.48006557945230016,0.5021769876099537,0.4945533009109331,0.49437452768071455,0.5003749832805694,0.5265943498302097,0.5434224618695715,0.5557205240774122,0.571783697856346,0.5909509089231479,0.604792294172175,0.615297485326072,0.6296188546993381,0.6465865331028479,0.664568313476603,0.67596150007747,0.710551077545657,0.7384747361784616,0.7662995592273956,0.8122998324950561,0.8487874417260757,0.8737416284631025,0.8947235152723723,0.9217919803279571,0.9371614493174978,0.9836873380670996,1.0000000000000002,0.9908749421047357
rotD50,SA,8.0,-0.05820248095052482,0.7568474068110617,0.891400653492762,0.597437706323783,0.5922456601299431,0.5881288697694356,0.5727753604673008,0.5476461088676208,0.5173077388499214,0.4908524413128168,0.5099382956658711,0.4984838885585173,0.49441993288569647,0.49553079035217473,0.5174028483261991,0.5318441120003568,0.5412307783909688,0.5510757478186414,0.5644572491630764,0.5770640469134795,0.58573694873943,0.6001314855142892,0.6160371356740929,0.6336525530999603,0.6441808600364878,0.6783726959675652,0.7073417093972917,0.7380202878125186,0.7836642889445398,0.8180617326224131,0.8441915903334525,0.8672578100480353,0.8968637399656334,0.9155615155600856,0.9644266636881347,0.9908749421047357,1.0000000000000002
