,,,GM,rotD50,rotD50,rotD50,rotD50,rotD50,rotD50,rotD50,rotD50,rotD50,rotD50,rotD50,rotD50,rotD50,rotD50,rotD50,rotD50,rotD50,rotD50,rotD50,rotD50,rotD50,rotD50,rotD50,rotD50,rotD50,rotD50,rotD50,rotD50,rotD50,rotD50,rotD50,rotD50,rotD50,rotD50,rotD50,rotD50
,,,RSD595,"AvgSA[0,3]","AvgSA[0,6]",PGA,SA,SA,SA,SA,SA,SA,SA,SA,SA,SA,SA,SA,SA,SA,SA,SA,SA,SA,SA,SA,SA,SA,SA,SA,SA,SA,SA,SA,SA,SA,SA,SA,SA
,,,None,3.0,6.0,None,0.025,0.04,0.05,0.07,0.1,0.15,0.2,0.25,0.3,0.35,0.4,0.45,0.5,0.6,0.7,0.75,0.8,0.9,1.0,1.2,1.4,1.6,1.8,2.0,2.5,3.0,3.5,4.0,4.5,5.0,6.0,7.0,8.0
GM,RSD595,None,1.0,-0.46764870325030866,-0.3499113408901056,-0.49816191941957333,-0.47879810374630555,-0.4287774815063473,-0.4226547409278319,-0.428304359825272,-0.444876710363202,-0.449056073865098,-0.49391094291715265,-0.4910962293231415,-0.4808433344916017,-0.46222240758999084,-0.46757942045673906,-0.45259466395065023,-0.45603360647765334,-0.4324712519886739,-0.4051006076888588,-0.39322061189393454,-0.3905718904434807,-0.38382669099984906,-0.3708897447776431,-0.32974613292751387,-0.32186983355118504,-0.3076864911422472,-0.2918207855798225,-0.28766383668153533,-0.27175086205489235,-0.30755927160887425,-0.3378772610295761,-0.34814874549878205,-0.27216796357078576,-0.2810777336840299,-0.2531224750816135,-0.29975865766226606,-0.32924582156334814
rotD50,"AvgSA[0,3]",3.0,-0.46764870325030866,1.0,0.8412204787959127,0.7488968080451304,0.7353105042196019,0.6915286062918553,0.6745191148508969,0.6348285993890513,0.6339460717266356,0.6568623605903197,0.6884283323591652,0.7146937193563979,0.7416931180020545,0.7770256678764268,0.7795924787006776,0.787319648753486,0.8169241996429509,0.8390511851304723,0.8676725019483772,0.8737516537208068,0.8715290570832869,0.8793382210688891,0.886244744324541,0.8877660140590604,0.8840704711956205,0.8833411440293,0.8773378619016644,0.8713451679322226,0.864877478180804,0.8774132203814298,0.8597727702090827,0.8541718125159188,0.7831090146662866,0.7855150446712181,0.7377257875308594,0.7474691134846906,0.7437122009779505
rotD50,"AvgSA[0,6]",6.0,-0.3499113408901056,0.8412204787959127,1.0,0.6517257381135546,0.649474872491414,0.6197758080326985,0.600052630786535,0.5625259348138226,0.5424483132917935,0.5850254508691457,0.5786582581760026,0.5584502358915439,0.5661906730203449,0.5823950318971222,0.587209920330092,0.6144966650423256,0.6570065447991362,0.6763189250233482,0.6968125186836779,0.7167527625267274,0.7189242814612913,0.7218116578510437,0.7403861401156265,0.7318524470765904,0.7225722502949359,0.7356847321855103,0.7425115341069225,0.7397757427829261,0.7503850443662852,0.7701942898291931,0.8408444301598406,0.8425763416104679,0.9132065420806962,0.919857248904143,0.9467674962913827,0.9457189737103353,0.932047961325931
rotD50,PGA,None,-0.49816191941957333,0.7488968080451304,0.6517257381135546,1.0,0.9959056092245455,0.9700355164201809,0.9533277078783442,0.9363009451173542,0.9363053367514951,0.9391153349436164,0.9268560022085875,0.9005583364277624,0.8941323145097941,0.875811977482666,0.8442695541898477,0.825992876114735,0.8242794179754986,0.7909440613173148,0.7527068108417176,0.7308267158008316,0.7110253525684017,0.6716641593550201,0.6406342285798281,0.5829507661361629,0.5519458693214165,0.5172378003671794,0.5034982059393169,0.49512826505924856,0.4702839964474193,0.48925598951987737,0.5255215150670463,0.5383297678653719,0.4926308838766587,0.5092438918235858,0.5395045531357449,0.5792677606271696,0.6026152154010369
rotD50,SA,0.025,-0.47879810374630555,0.7353105042196019,0.649474872491414,0.9959056092245455,1.0,0.9824240792717915,0.9649720463950896,0.942911340117424,0.9396098339220028,0.9352972497410438,0.9151433892998261,0.8817622125392548,0.8749621171264644,0.8585405987561016,0.8273546079689948,0.8096872517297299,0.8081021761792879,0.7739701542915247,0.733916643096836,0.7135850598649064,0.6943825643501399,0.65385624000848,0.6243192906309273,0.5662172828874967,0.5361285282336896,0.50223819543926,0.4905252698634762,0.4824550642962976,0.46112139717533035,0.4831369133589272,0.5203100591288486,0.5331128117023828,0.4931279860686585,0.5097298876086529,0.5418864637565902,0.5792810342333433,0.6007414804513626
rotD50,SA,0.04,-0.4287774815063473,0.6915286062918553,0.6197758080326985,0.9700355164201809,0.9824240792717915,1.0,0.9823450019787099,0.9453582235770921,0.9227851469826929,0.907573019102503,0.881659431605291,0.8356088734534741,0.8243157036181971,0.8107680578624398,0.7805599530087638,0.762674970371412,0.760850413590506,0.7293062864315795,0.6801472605235582,0.6618267217640911,0.6438120003737623,0.6016090123109651,0.5764283872040636,0.5187582819305482,0.49012334070736696,0.4539826230327671,0.44491309963435677,0.43802747888134624,0.4202809714173161,0.4488895918133154,0.490588266202493,0.50333278709227,0.4674551410498086,0.4856448400954459,0.5200929834805345,0.5575678097336972,0.5777640654819738
rotD50,SA,0.05,-0.4226547409278319,0.6745191148508969,0.600052630786535,0.9533277078783442,0.9649720463950896,0.9823450019787099,1.0,0.959647584349398,0.925114894038102,0.9022572224476731,0.8665574146186519,0.8173720887252304,0.8029098177705033,0.7797889125705748,0.7464938901960912,0.7338964112373476,0.734919938760898,0.6968222025386427,0.6546007451582269,0.6376168411114236,0.6179242843832667,0.5768021564827424,0.5501972206010167,0.4961697548548559,0.47005516365987304,0.4333071282971404,0.422929987655322,0.4152746743188856,0.39510038340497494,0.43238004384524975,0.47931567100519784,0.48957824354286,0.45272457937439486,0.47080705698722997,0.4979481369907584,0.5376584907280816,0.5581909649851223
rotD50,SA,0.07,-0.428304359825272,0.6348285993890513,0.5625259348138226,0.9363009451173542,0.942911340117424,0.9453582235770921,0.959647584349398,1.0,0.9481995750574627,0.9008202212584348,0.8635808461704301,0.8147276853427319,0.7959877129010985,0.7670980332078944,0.7329651126856492,0.7172866824289056,0.715979477167374,0.6793734480860192,0.634365281394729,0.6157059966484948,0.5940131089333931,0.5500495163005545,0.5211585262639854,0.4614806791430205,0.44084423517325494,0.3983284244306757,0.384118152621258,0.3733957217194927,0.350475681233658,0.38804149811813704,0.4382497253722919,0.4480903104011016,0.4125143526061122,0.4285288506406067,0.4611718499981809,0.5046556905984746,0.5238899110093412
rotD50,SA,0.1,-0.444876710363202,0.6339460717266356,0.5424483132917935,0.9363053367514951,0.9396098339220028,0.9227851469826929,0.925114894038102,0.9481995750574627,1.0,0.931336527811637,0.8778813427755733,0.8239104468579995,0.8080577431283207,0.7813786766347189,0.7453449054265163,0.7289107223582074,0.7223315034004117,0.6717274794337025,0.6237629655035511,0.6032784367059978,0.5806846206796067,0.5406894927037433,0.5090138636208499,0.44539035886276673,0.4169002367795905,0.38406640169006195,0.3742506010570112,0.36508332395236354,0.34423437732209733,0.3866794311634418,0.42074229143732683,0.43237355157268825,0.37801353162086543,0.3942499665847617,0.4393309052037554,0.48346381912992964,0.5087217823599269
rotD50,SA,0.15,-0.449056073865098,0.6568623605903197,0.5850254508691457,0.9391153349436164,0.9352972497410438,0.907573019102503,0.9022572224476731,0.9008202212584348,0.931336527811637,1.0,0.9279808680519354,0.8757999941714738,0.845613843528169,0.8161550367260083,0.7757027429146237,0.748811183984012,0.7434708523673731,0.7045166388519564,0.6642882523352016,0.645082184160326,0.6202682433371715,0.5840421898033603,0.5589171757738219,0.5038826335631754,0.476186617800286,0.44390126639867183,0.42362634625471923,0.4137470317146687,0.3891574401822041,0.406045597809929,0.4541409481472256,0.4620402002054469,0.42726325001547927,0.43593646131016145,0.48105773285546344,0.5178469354537457,0.5395455655831739
rotD50,SA,0.2,-0.49391094291715265,0.6884283323591652,0.5786582581760026,0.9268560022085875,0.9151433892998261,0.881659431605291,0.8665574146186519,0.8635808461704301,0.8778813427755733,0.9279808680519354,1.0,0.9373973858393975,0.903576140762865,0.8628741226225262,0.8193179836042593,0.7975799929286288,0.7911559824686255,0.7570237992506369,0.7091397551176745,0.684851443071264,0.6642516101129677,0.6326480585631391,0.6066120272898253,0.5472733871128141,0.5161253329421116,0.4819525953642745,0.45773170977574473,0.4506292305807388,0.4268255416166655,0.42613814902412483,0.47174993827152784,0.47798786232278073,0.43400251786116045,0.4461640088334244,0.4687931907186469,0.5091933459281694,0.53408517079136
rotD50,SA,0.25,-0.4910962293231415,0.7146937193563979,0.5584502358915439,0.9005583364277624,0.8817622125392548,0.8356088734534741,0.8173720887252304,0.8147276853427319,0.8239104468579995,0.8757999941714738,0.9373973858393975,1.0,0.9453328685252554,0.8985288022496043,0.8573768802565025,0.8351287997043109,0.8252870624483802,0.7903898809021374,0.7493986461045479,0.7276507090005101,0.7062930721421311,0.6810022237547367,0.658106160668575,0.5947669177998681,0.562823457241616,0.5301706334883017,0.5032095902973841,0.4916822452956893,0.45130317984937834,0.43638565846617233,0.4822054631471103,0.48480778774878214,0.4355326260775631,0.4483610022763879,0.4480571950539177,0.49014834991995115,0.5173118494382203
rotD50,SA,0.3,-0.4808433344916017,0.7416931180020545,0.5661906730203449,0.8941323145097941,0.8749621171264644,0.8243157036181971,0.8029098177705033,0.7959877129010985,0.8080577431283207,0.845613843528169,0.903576140762865,0.9453328685252554,1.0,0.9488685535221602,0.8987611808102015,0.8735930904489527,0.8608588027199516,0.8333609775667509,0.7969882131603109,0.7722396279370927,0.7489041255262143,0.7162913029236554,0.6912047305615119,0.6240688519211258,0.5825261482007187,0.5520042815248418,0.5240155219007765,0.5133672990004285,0.47709226128912985,0.45405254953161434,0.48661401048719927,0.4929071033243509,0.430942025310227,0.4451813449841665,0.456103684367717,0.5023590280705049,0.5214753259960095
rotD50,SA,0.35,-0.46222240758999084,0.7770256678764268,0.5823950318971222,0.875811977482666,0.8585405987561016,0.8107680578624398,0.7797889125705748,0.7670980332078944,0.7813786766347189,0.8161550367260083,0.8628741226225262,0.8985288022496043,0.9488685535221602,1.0,0.9547098640941095,0.9237185355431711,0.9048110242789748,0.8680308992590966,0.8287220775145674,0.8025504848779561,0.782577348668583,0.7494332917055956,0.7285735258488168,0.6589549020933652,0.6169976175173296,0.5954809103900086,0.5783663379727273,0.5622081428483066,0.5322503523900765,0.5063833738147301,0.5211922775309014,0.5282009809656515,0.4537450923260733,0.46799870178147085,0.4748074296177517,0.5106330070368631,0.5258171518322312
rotD50,SA,0.4,-0.46757942045673906,0.7795924787006776,0.587209920330092,0.8442695541898477,0.8273546079689948,0.7805599530087638,0.7464938901960912,0.7329651126856492,0.7453449054265163,0.7757027429146237,0.8193179836042593,0.8573768802565025,0.8987611808102015,0.9547098640941095,1.0,0.9633989490469895,0.9285417437105873,0.8769958688144787,0.8323710874327436,0.8057841656344145,0.7888246221885018,0.761384847484438,0.7421183003767107,0.6739596053124415,0.6387335251725913,0.6206468829543983,0.6005644728996842,0.58008703954694,0.5493613546043735,0.5246890487159159,0.5469077312888282,0.5585629442239844,0.46512309516172334,0.4707463071495688,0.4761887121004796,0.5097152419379822,0.529890075823102
rotD50,SA,0.45,-0.45259466395065023,0.787319648753486,0.6144966650423256,0.825992876114735,0.8096872517297299,0.762674970371412,0.7338964112373476,0.7172866824289056,0.7289107223582074,0.748811183984012,0.7975799929286288,0.8351287997043109,0.8735930904489527,0.9237185355431711,0.9633989490469895,1.0,0.9673452278122513,0.9027083158258592,0.8506744422863352,0.8206076458507233,0.8027159122306342,0.773905282957897,0.7465855393048313,0.6827126882517872,0.6516500791831829,0.6381256958600873,0.6115234352885769,0.5872880568116106,0.5650230621823097,0.542205698480387,0.5732385255786175,0.5809193436304838,0.5006017081943356,0.5002648338252954,0.5025726489830811,0.5321155129624567,0.5455690651166171
rotD50,SA,0.5,-0.45603360647765334,0.8169241996429509,0.6570065447991362,0.8242794179754986,0.8081021761792879,0.760850413590506,0.734919938760898,0.715979477167374,0.7223315034004117,0.7434708523673731,0.7911559824686255,0.8252870624483802,0.8608588027199516,0.9048110242789748,0.9285417437105873,0.9673452278122513,1.0,0.9376406980269051,0.8763751377760117,0.8451501140392669,0.8282387445685626,0.8019777423306236,0.7742647890198187,0.7213922933914164,0.6880483323646484,0.6742936830332675,0.6499970137029115,0.6272760731396443,0.5956546507250732,0.5703421503726726,0.6011933325359025,0.6114811840942187,0.5433514899218016,0.5421286329467463,0.537558856587329,0.5639779572777339,0.5797149128290559
rotD50,SA,0.6,-0.4324712519886739,0.8390511851304723,0.6763189250233482,0.7909440613173148,0.7739701542915247,0.7293062864315795,0.6968222025386427,0.6793734480860192,0.6717274794337025,0.7045166388519564,0.7570237992506369,0.7903898809021374,0.8333609775667509,0.8680308992590966,0.8769958688144787,0.9027083158258592,0.9376406980269051,1.0,0.9418850492837477,0.9124547982392847,0.8979477918121378,0.8678017114396348,0.8392979098149665,0.7826100598984569,0.7412322262532953,0.7203637467022875,0.6908850194962181,0.6695760916296162,0.6410262797011643,0.5973999599762699,0.6189624836508426,0.6159196147744257,0.5639204706224811,0.5721111869541315,0.5537418803059155,0.5816181407109157,0.6027936008905195
rotD50,SA,0.7,-0.4051006076888588,0.8676725019483772,0.6968125186836779,0.7527068108417176,0.733916643096836,0.6801472605235582,0.6546007451582269,0.634365281394729,0.6237629655035511,0.6642882523352016,0.7091397551176745,0.7493986461045479,0.7969882131603109,0.8287220775145674,0.8323710874327436,0.8506744422863352,0.8763751377760117,0.9418850492837477,1.0,0.9818574220686916,0.9584367350507081,0.9238172854254327,0.8910748109699711,0.8381623423254605,0.7977581604845386,0.7770484752565056,0.7443593853365221,0.723859867537838,0.6973423010580008,0.644652455777254,0.6628781690156317,0.6577101234631153,0.5968451609264356,0.6040897761858053,0.5764758387237876,0.5998816156434512,0.6148500925312459
rotD50,SA,0.75,-0.39322061189393454,0.8737516537208068,0.7167527625267274,0.7308267158008316,0.7135850598649064,0.6618267217640911,0.6376168411114236,0.6157059966484948,0.6032784367059978,0.645082184160326,0.684851443071264,0.7276507090005101,0.7722396279370927,0.8025504848779561,0.8057841656344145,0.8206076458507233,0.8451501140392669,0.9124547982392847,0.9818574220686916,1.0,0.9830676802397422,0.9395355744627226,0.9086122525517025,0.8604471102292038,0.8209003313717925,0.7965202679726412,0.76598992597214,0.7451256127978965,0.7197480702892765,0.6669432922616809,0.6946385348298474,0.689491713514865,0.6273564444287053,0.6306559059973299,0.5982939580323428,0.6203141870300531,0.6373090835880437
rotD50,SA,0.8,-0.3905718904434807,0.8715290570832869,0.7189242814612913,0.7110253525684017,0.6943825643501399,0.6438120003737623,0.6179242843832667,0.5940131089333931,0.5806846206796067,0.6202682433371715,0.6642516101129677,0.7062930721421311,0.7489041255262143,0.782577348668583,0.7888246221885018,0.8027159122306342,0.8282387445685626,0.8979477918121378,0.9584367350507081,0.9830676802397422,1.0,0.9611825249385835,0.9276325867240169,0.8778619811929602,0.834152821970722,0.809325141876054,0.7776548847594005,0.7569728364397252,0.7227003631519375,0.6646838980432719,0.6917624664942171,0.6871479702078546,0.6279253363300498,0.6324069681933251,0.597180071199714,0.6207604084980093,0.6438750096915512
rotD50,SA,0.9,-0.38382669099984906,0.8793382210688891,0.7218116578510437,0.6716641593550201,0.65385624000848,0.6016090123109651,0.5768021564827424,0.5500495163005545,0.5406894927037433,0.5840421898033603,0.6326480585631391,0.6810022237547367,0.7162913029236554,0.7494332917055956,0.761384847484438,0.773905282957897,0.8019777423306236,0.8678017114396348,0.9238172854254327,0.9395355744627226,0.9611825249385835,1.0,0.9707830078931576,0.9126923417155338,0.8628741090389638,0.8381537158604856,0.8080325864837655,0.7859937260731661,0.7480009920543801,0.6859533980147531,0.700043759440061,0.6946325303995777,0.6455240709990739,0.6500521926488183,0.6073777434896722,0.623368289660317,0.6378063829213695
rotD50,SA,1.0,-0.3708897447776431,0.886244744324541,0.7403861401156265,0.6406342285798281,0.6243192906309273,0.5764283872040636,0.5501972206010167,0.5211585262639854,0.5090138636208499,0.5589171757738219,0.6066120272898253,0.658106160668575,0.6912047305615119,0.7285735258488168,0.7421183003767107,0.7465855393048313,0.7742647890198187,0.8392979098149665,0.8910748109699711,0.9086122525517025,0.9276325867240169,0.9707830078931576,1.0,0.9433008308228644,0.8851212407718033,0.85983478611756,0.8346470551121831,0.815276648558046,0.7734480815412854,0.7119047170558082,0.7319387629062386,0.7268954607482819,0.6740053803665724,0.6765096083505366,0.635982945660238,0.6487750958959391,0.6565045444842633
rotD50,SA,1.2,-0.32974613292751387,0.8877660140590604,0.7318524470765904,0.5829507661361629,0.5662172828874967,0.5187582819305482,0.4961697548548559,0.4614806791430205,0.44539035886276673,0.5038826335631754,0.5472733871128141,0.5947669177998681,0.6240688519211258,0.6589549020933652,0.6739596053124415,0.6827126882517872,0.7213922933914164,0.7826100598984569,0.8381623423254605,0.8604471102292038,0.8778619811929602,0.9126923417155338,0.9433008308228644,1.0,0.9528372479127861,0.9133064320882182,0.8814376788602684,0.8586092465706141,0.8184387448634003,0.7585059039988777,0.7625381433891337,0.7517756700601236,0.6795311928576833,0.6742023570313405,0.6270905563302284,0.6383697853682401,0.6469564516380574
rotD50,SA,1.4,-0.32186983355118504,0.8840704711956205,0.7225722502949359,0.5519458693214165,0.5361285282336896,0.49012334070736696,0.47005516365987304,0.44084423517325494,0.4169002367795905,0.476186617800286,0.5161253329421116,0.562823457241616,0.5825261482007187,0.6169976175173296,0.6387335251725913,0.6516500791831829,0.6880483323646484,0.7412322262532953,0.7977581604845386,0.8209003313717925,0.834152821970722,0.8628741090389638,0.8851212407718033,0.9528372479127861,1.0,0.9609266870876153,0.9214205744041399,0.8907369415770946,0.8417119955284241,0.7881693724931389,0.7889742946154379,0.7797036286480592,0.69852593505734,0.6896660417079536,0.6264861101017507,0.6287394004305129,0.6356991062931278
rotD50,SA,1.6,-0.3076864911422472,0.8833411440293,0.7356847321855103,0.5172378003671794,0.50223819543926,0.4539826230327671,0.4333071282971404,0.3983284244306757,0.38406640169006195,0.44390126639867183,0.4819525953642745,0.5301706334883017,0.5520042815248418,0.5954809103900086,0.6206468829543983,0.6381256958600873,0.6742936830332675,0.7203637467022875,0.7770484752565056,0.7965202679726412,0.809325141876054,0.8381537158604856,0.85983478611756,0.9133064320882182,0.9609266870876153,1.0,0.964865178372697,0.9301894998718657,0.8838482785244334,0.8208228440960413,0.8048789651922367,0.7968427125764727,0.725618645620975,0.724462551816263,0.6569503455634901,0.6484808175715608,0.6405746681750084
rotD50,SA,1.8,-0.2918207855798225,0.8773378619016644,0.7425115341069225,0.5034982059393169,0.4905252698634762,0.44491309963435677,0.422929987655322,0.384118152621258,0.3742506010570112,0.42362634625471923,0.45773170977574473,0.5032095902973841,0.5240155219007765,0.5783663379727273,0.6005644728996842,0.6115234352885769,0.6499970137029115,0.6908850194962181,0.7443593853365221,0.76598992597214,0.7776548847594005,0.8080325864837655,0.8346470551121831,0.8814376788602684,0.9214205744041399,0.964865178372697,1.0,0.9699792997007431,0.907376268447981,0.8483312986887602,0.825442469347032,0.8198502388291407,0.7510108266523802,0.7497111069418866,0.678657801629319,0.6623753746960884,0.6426876263040703
rotD50,SA,2.0,-0.28766383668153533,0.8713451679322226,0.7397757427829261,0.49512826505924856,0.4824550642962976,0.43802747888134624,0.4152746743188856,0.3733957217194927,0.36508332395236354,0.4137470317146687,0.4506292305807388,0.4916822452956893,0.5133672990004285,0.5622081428483066,0.58008703954694,0.5872880568116106,0.6272760731396443,0.6695760916296162,0.723859867537838,0.7451256127978965,0.7569728364397252,0.7859937260731661,0.815276648558046,0.8586092465706141,0.8907369415770946,0.9301894998718657,0.9699792997007431,1.0,0.9350441729697464,0.8635655346890807,0.8278288209603735,0.8197626802732149,0.7491911651141437,0.7467370627809151,0.6711638100378006,0.6571696036071114,0.6348116460703451
rotD50,SA,2.5,-0.27175086205489235,0.864877478180804,0.7503850443662852,0.4702839964474193,0.46112139717533035,0.4202809714173161,0.39510038340497494,0.350475681233658,0.34423437732209733,0.3891574401822041,0.4268255416166655,0.45130317984937834,0.47709226128912985,0.5322503523900765,0.5493613546043735,0.5650230621823097,0.5956546507250732,0.6410262797011643,0.6973423010580008,0.7197480702892765,0.7227003631519375,0.7480009920543801,0.7734480815412854,0.8184387448634003,0.8417119955284241,0.8838482785244334,0.907376268447981,0.9350441729697464,1.0,0.9351046706171167,0.8824266194855281,0.8671120579361554,0.7891687368691928,0.7849738174066887,0.7097658474974308,0.6886819920845003,0.6624733292105466
rotD50,SA,3.0,-0.30755927160887425,0.8774132203814298,0.7701942898291931,0.48925598951987737,0.4831369133589272,0.4488895918133154,0.43238004384524975,0.38804149811813704,0.3866794311634418,0.406045597809929,0.42613814902412483,0.43638565846617233,0.45405254953161434,0.5063833738147301,0.5246890487159159,0.542205698480387,0.5703421503726726,0.5973999599762699,0.644652455777254,0.6669432922616809,0.6646838980432719,0.6859533980147531,0.7119047170558082,0.7585059039988777,0.7881693724931389,0.8208228440960413,0.8483312986887602,0.8635655346890807,0.9351046706171167,1.0,0.944547584127379,0.9197627455476112,0.8322213575450327,0.8174798373924839,0.7450834396338687,0.7248617656975522,0.6910961426745568
rotD50,SA,3.5,-0.3378772610295761,0.8597727702090827,0.8408444301598406,0.5255215150670463,0.5203100591288486,0.490588266202493,0.47931567100519784,0.4382497253722919,0.42074229143732683,0.4541409481472256,0.47174993827152784,0.4822054631471103,0.48661401048719927,0.5211922775309014,0.5469077312888282,0.5732385255786175,0.6011933325359025,0.6189624836508426,0.6628781690156317,0.6946385348298474,0.6917624664942171,0.700043759440061,0.7319387629062386,0.7625381433891337,0.7889742946154379,0.8048789651922367,0.825442469347032,0.8278288209603735,0.8824266194855281,0.944547584127379,1.0,0.9757308106497974,0.9017903334336461,0.8788563777013804,0.8193223174086064,0.8045103376938469,0.7767366583335272
rotD50,SA,4.0,-0.34814874549878205,0.8541718125159188,0.8425763416104679,0.5383297678653719,0.5331128117023828,0.50333278709227,0.48957824354286,0.4480903104011016,0.43237355157268825,0.4620402002054469,0.47798786232278073,0.48480778774878214,0.4929071033243509,0.5282009809656515,0.5585629442239844,0.5809193436304838,0.6114811840942187,0.6159196147744257,0.6577101234631153,0.689491713514865,0.6871479702078546,0.6946325303995777,0.7268954607482819,0.7517756700601236,0.7797036286480592,0.7968427125764727,0.8198502388291407,0.8197626802732149,0.8671120579361554,0.9197627455476112,0.9757308106497974,1.0,0.9281236657590136,0.9025796348421787,0.8352709046909221,0.8166173569019334,0.7885219597059513
rotD50,SA,4.5,-0.27216796357078576,0.7831090146662866,0.9132065420806962,0.4926308838766587,0.4931279860686585,0.4674551410498086,0.45272457937439486,0.4125143526061122,0.37801353162086543,0.42726325001547927,0.43400251786116045,0.4355326260775631,0.430942025310227,0.4537450923260733,0.46512309516172334,0.5006017081943356,0.5433514899218016,0.5639204706224811,0.5968451609264356,0.6273564444287053,0.6279253363300498,0.6455240709990739,0.6740053803665724,0.6795311928576833,0.69852593505734,0.725618645620975,0.7510108266523802,0.7491911651141437,0.7891687368691928,0.8322213575450327,0.9017903334336461,0.9281236657590136,1.0,0.9788721730232072,0.9245684302394485,0.9041685598058011,0.8763840884729434
rotD50,SA,5.0,-0.2810777336840299,0.7855150446712181,0.919857248904143,0.5092438918235858,0.5097298876086529,0.4856448400954459,0.47080705698722997,0.4285288506406067,0.3942499665847617,0.43593646131016145,0.4461640088334244,0.4483610022763879,0.4451813449841665,0.46799870178147085,0.4707463071495688,0.5002648338252954,0.5421286329467463,0.5721111869541315,0.6040897761858053,0.6306559059973299,0.6324069681933251,0.6500521926488183,0.6765096083505366,0.6742023570313405,0.6896660417079536,0.724462551816263,0.7497111069418866,0.7467370627809151,0.7849738174066887,0.8174798373924839,0.8788563777013804,0.9025796348421787,0.9788721730232072,1.0,0.9473969274244877,0.9292911648097006,0.9018762919847214
rotD50,SA,6.0,-0.2531224750816135,0.7377257875308594,0.9467674962913827,0.5395045531357449,0.5418864637565902,0.5200929834805345,0.4979481369907584,0.4611718499981809,0.4393309052037554,0.48105773285546344,0.4687931907186469,0.4480571950539177,0.456103684367717,0.4748074296177517,0.4761887121004796,0.5025726489830811,0.537558856587329,0.5537418803059155,0.5764758387237876,0.5982939580323428,0.597180071199714,0.6073777434896722,0.635982945660238,0.6270905563302284,0.6264861101017507,0.6569503455634901,0.678657801629319,0.6711638100378006,0.7097658474974308,0.7450834396338687,0.8193223174086064,0.8352709046909221,0.9245684302394485,0.9473969274244877,1.0,0.9826550381005971,0.956364364993236
rotD50,SA,7.0,-0.29975865766226606,0.7474691134846906,0.9457189737103353,0.5792677606271696,0.5792810342333433,0.5575678097336972,0.5376584907280816,0.5046556905984746,0.48346381912992964,0.5178469354537457,0.5091933459281694,0.49014834991995115,0.5023590280705049,0.5106330070368631,0.5097152419379822,0.5321155129624567,0.5639779572777339,0.5816181407109157,0.5998816156434512,0.6203141870300531,0.6207604084980093,0.623368289660317,0.6487750958959391,0.6383697853682401,0.6287394004305129,0.6484808175715608,0.6623753746960884,0.6571696036071114,0.6886819920845003,0.7248617656975522,0.8045103376938469,0.8166173569019334,0.9041685598058011,0.9292911648097006,0.9826550381005971,1.0,0.9832373433270736
rotD50,SA,8.0,-0.32924582156334814,0.7437122009779505,0.932047961325931,0.6026152154010369,0.6007414804513626,0.5777640654819738,0.5581909649851223,0.5238899110093412,0.5087217823599269,0.5395455655831739,0.53408517079136,0.5173118494382203,0.5214753259960095,0.5258171518322312,0.529890075823102,0.5455690651166171,0.5797149128290559,0.6027936008905195,0.6148500925312459,0.6373090835880437,0.6438750096915512,0.6378063829213695,0.6565045444842633,0.6469564516380574,0.6356991062931278,0.6405746681750084,0.6426876263040703,0.6348116460703451,0.6624733292105466,0.6910961426745568,0.7767366583335272,0.7885219597059513,0.8763840884729434,0.9018762919847214,0.956364364993236,0.9832373433270736,1.0
