,,,GM,rotD50,rotD50,rotD50,rotD50,rotD50,rotD50,rotD50,rotD50,rotD50,rotD50,rotD50,rotD50,rotD50,rotD50,rotD50,rotD50,rotD50,rotD50,rotD50,rotD50,rotD50,rotD50,rotD50,rotD50,rotD50,rotD50,rotD50,rotD50,rotD50,rotD50,rotD50,rotD50,rotD50,rotD50,rotD50,rotD50
,,,RSD595,"AvgSA[0,3]","AvgSA[0,6]",PGA,SA,SA,SA,SA,SA,SA,SA,SA,SA,SA,SA,SA,SA,SA,SA,SA,SA,SA,SA,SA,SA,SA,SA,SA,SA,SA,SA,SA,SA,SA,SA,SA,SA
,,,None,3.0,6.0,None,0.025,0.04,0.05,0.07,0.1,0.15,0.2,0.25,0.3,0.35,0.4,0.45,0.5,0.6,0.7,0.75,0.8,0.9,1.0,1.2,1.4,1.6,1.8,2.0,2.5,3.0,3.5,4.0,4.5,5.0,6.0,7.0,8.0
GM,RSD595,None,1.0,-0.018499686948951658,-0.0030488521001292464,-0.26912920367466375,-0.26480410427546247,-0.24795300386700878,-0.26343863511654575,-0.24052302602262077,-0.2374997579927411,-0.252243527267685,-0.3030543827496153,-0.27161788497496,-0.22602052492695146,-0.18116064904441703,-0.1712592270192691,-0.15603291480299972,-0.1259855099188406,-0.07155058906200015,-0.04949046496312624,-0.04384838857849938,-0.035599201086181274,-0.022229777579161555,-0.0175608374719748,0.010511294347646336,0.016968985052543243,0.011820587671442834,0.011789716124381134,0.010653139608724134,0.02173606280518144,0.03839016338279374,0.013723923767885567,0.0015557892390575827,-0.14571074962316813,-0.15688710053991267,-0.06787335177158534,-0.11758087659339161,-0.16146379231946975
rotD50,"AvgSA[0,3]",3.0,-0.018499686948951658,1.0,0.9671933589576268,0.8326110362730618,0.8262931769035539,0.7964174059544112,0.768624397284756,0.7428978029951978,0.7309180338803223,0.7688010594119403,0.788765953333139,0.8151381180428416,0.8528703314647983,0.8749010062993918,0.8952409285139065,0.9121302419307612,0.9324457818713255,0.955047778447141,0.9687510145205941,0.9711161260760207,0.9739634655410695,0.9777751145617276,0.9811021776883498,0.9830147926551126,0.9834048743901581,0.9842712873432972,0.9821800221892354,0.9818384305136202,0.9762912143388106,0.9675350992516921,0.9541553644764966,0.9417113071455252,0.9310837926646571,0.9189684551381901,0.8674963853748311,0.8359085443263813,0.8055112229852557
rotD50,"AvgSA[0,6]",6.0,-0.0030488521001292464,0.9671933589576268,1.0,0.7709381558737463,0.7695552567559434,0.7546410130306533,0.7260345644455389,0.7075796395281542,0.6751524093653775,0.7034326401413098,0.710758952706836,0.7172703157193288,0.7364225460827478,0.745214216362665,0.7762560694109875,0.8076245101124547,0.8427891001451853,0.8777496057855791,0.9001794225839415,0.9065029282946562,0.9148804387476951,0.9274882331569062,0.9382019061554532,0.9380575044633249,0.9470017167411897,0.9574685825970767,0.9636962566425044,0.966485342787625,0.9738001735690557,0.9711648386724917,0.9767850156372615,0.9692001555488524,0.9766819706858405,0.9657478385215144,0.9461965224491751,0.9220153678162631,0.896600817227485
rotD50,PGA,None,-0.26912920367466375,0.8326110362730618,0.7709381558737463,1.0,0.9991475352100425,0.9894588024089782,0.9847437672893056,0.9715516175745036,0.9673530493126434,0.9787478301938716,0.9729394268437531,0.9626169977078001,0.9607614242153055,0.9456875530356221,0.9323054515046726,0.9157514932075204,0.9002640378274316,0.8742423533581217,0.8493978364367705,0.8428870072957352,0.8414310756333854,0.8289328278053284,0.8246815802193942,0.8030605462356973,0.7908864690518248,0.7742694080420544,0.7597161280129571,0.7608844836602939,0.7469952836779127,0.730862626691403,0.7501545819501851,0.7522921092096538,0.7428138399037096,0.7480985198170131,0.7006266159404987,0.6968423854399782,0.6964969150251473
rotD50,SA,0.025,-0.26480410427546247,0.8262931769035539,0.7695552567559434,0.9991475352100425,1.0,0.9933357466114155,0.9887361319574718,0.9742100906900836,0.9684364249525568,0.9782417523305417,0.9689920571296405,0.9565259650589755,0.9532218829971175,0.9384854239183474,0.924758247310431,0.9077506125110708,0.8916596315646533,0.8652769170604265,0.841052716054521,0.8347820984739373,0.833678844443244,0.8216782466036887,0.8178598643293784,0.7969172902166245,0.7848072050889133,0.7681403724497653,0.7535396890725722,0.7544851864364878,0.7417443894215043,0.7260765032055422,0.7461499569035929,0.7484640027646613,0.7402358229654507,0.7460146043262482,0.7003496505879879,0.6967980286772679,0.6957154609299743
rotD50,SA,0.04,-0.24795300386700878,0.7964174059544112,0.7546410130306533,0.9894588024089782,0.9933357466114155,1.0,0.9973866441422179,0.9839167095759931,0.9714649321727798,0.9720063878537555,0.9486566448289823,0.9312913164881194,0.926498630568703,0.9122260281362126,0.8969605606303928,0.878896099723457,0.8604134128712069,0.8307684108012243,0.8063883921332873,0.8000051688334818,0.7995277627491721,0.7877925131271093,0.785316455684749,0.7659995170252205,0.753678964295497,0.7365958338761684,0.7229630633566463,0.7246637104062692,0.7158039894287913,0.7029011148453473,0.724063759917518,0.7278957844465243,0.7211160319283169,0.7303382448555247,0.7011239724620644,0.7003016241093714,0.7015009223397898
rotD50,SA,0.05,-0.26343863511654575,0.768624397284756,0.7260345644455389,0.9847437672893056,0.9887361319574718,0.9973866441422179,1.0,0.9889270912320112,0.9762761900193739,0.9727524352647348,0.9437308032797628,0.9225872167731174,0.9163918725344646,0.8985974941278267,0.881417196173898,0.8607211201719835,0.8402507616048099,0.8073885983597184,0.7805589301109729,0.7736076937376223,0.7725921404668157,0.7599266005395895,0.7574938070449353,0.7371413310836896,0.7237565832165758,0.7064846620615156,0.6927774219886184,0.6950433621569606,0.6862869317792837,0.6738484733096782,0.6960933899346745,0.7010416135619131,0.6951354384032068,0.7056029312950317,0.6803699672227345,0.6816093910662732,0.6869669141347533
rotD50,SA,0.07,-0.24052302602262077,0.7428978029951978,0.7075796395281542,0.9715516175745036,0.9742100906900836,0.9839167095759931,0.9889270912320112,1.0,0.9875326402636387,0.9705191892591248,0.9332058083439645,0.9059361872923093,0.8974416306241478,0.8721186135323299,0.8561244399691099,0.8340363990624231,0.8141675259581467,0.782888135858832,0.7552768493072753,0.7475976833705081,0.7465552000301796,0.733747147902635,0.7319597318370404,0.7123052602543679,0.6992379518467898,0.6797708429870811,0.6665123120505455,0.6700578505120567,0.6611732177280325,0.6505697841620743,0.6791341109279573,0.6852795737618551,0.6728983468649727,0.684180698057663,0.6704798473149385,0.6705607584149523,0.675804875773754
rotD50,SA,0.1,-0.2374997579927411,0.7309180338803223,0.6751524093653775,0.9673530493126434,0.9684364249525568,0.9714649321727798,0.9762761900193739,0.9875326402636387,1.0,0.9761228848371495,0.9352594437244358,0.9030660005573843,0.8953773053925445,0.8690690542715408,0.8534375404256426,0.8288129055213068,0.8103061071457967,0.778258299813298,0.7470824611362951,0.7395008381251218,0.7398036646269049,0.7256324624646998,0.7230438393671543,0.6996239563906289,0.6857201736627547,0.665457704894095,0.6510458996007289,0.6543833799238028,0.6443793031568212,0.6295192075791985,0.6628298452544542,0.665787231550048,0.644829380481447,0.6548846180556818,0.6295291876517259,0.6276060674329397,0.6326654879643447
rotD50,SA,0.15,-0.252243527267685,0.7688010594119403,0.7034326401413098,0.9787478301938716,0.9782417523305417,0.9720063878537555,0.9727524352647348,0.9705191892591248,0.9761228848371495,1.0,0.9662639600241045,0.937344832815217,0.9283367812779161,0.9047513579132629,0.8867064578543639,0.8620572305820177,0.8439296913919853,0.8144299061053669,0.7835196250103884,0.7761467451760374,0.7763943842738651,0.7617214701786841,0.7602912382882425,0.7380751436222363,0.7246562412652057,0.7077272349334669,0.693116033923566,0.6950412497626325,0.6805471006110091,0.6653924510362815,0.6973783791229442,0.7011155925608196,0.6756690945048011,0.6845327166387376,0.6397378994629694,0.6360573241357644,0.6397078946715499
rotD50,SA,0.2,-0.3030543827496153,0.788765953333139,0.710758952706836,0.9729394268437531,0.9689920571296405,0.9486566448289823,0.9437308032797628,0.9332058083439645,0.9352594437244358,0.9662639600241045,1.0,0.9812849499637567,0.9619164080715621,0.9315417482138041,0.9102634099616097,0.887081944174127,0.8672240122913792,0.8417568546347559,0.8109529616929165,0.8038107032588109,0.801184355791838,0.7846352963805263,0.779077011411199,0.7539347756396501,0.7410488253264638,0.7249402846039754,0.7095843514146213,0.7113933549843413,0.6957502649226512,0.6780620581652355,0.6992685463127833,0.7040858330551164,0.6785716617501745,0.6835082919457569,0.6322182452026541,0.6274995940830476,0.6284764279290913
rotD50,SA,0.25,-0.27161788497496,0.8151381180428416,0.7172703157193288,0.9626169977078001,0.9565259650589755,0.9312913164881194,0.9225872167731174,0.9059361872923093,0.9030660005573843,0.937344832815217,0.9812849499637567,1.0,0.9854526743285027,0.9573867514471062,0.9358256939525191,0.9139878021281278,0.8958311338733163,0.8705922349706554,0.8407325565656287,0.8334735052527621,0.829405574487962,0.8137950211733569,0.8082751139638426,0.785965802894253,0.7742484337468615,0.7601862364800555,0.743944964619644,0.7460479327878671,0.7291895857100995,0.7070236362226545,0.7121915062356557,0.7168550443725135,0.6945338198385402,0.6979389627069502,0.6370077060912408,0.6312960112689855,0.6302549418543055
rotD50,SA,0.3,-0.22602052492695146,0.8528703314647983,0.7364225460827478,0.9607614242153055,0.9532218829971175,0.926498630568703,0.9163918725344646,0.8974416306241478,0.8953773053925445,0.9283367812779161,0.9619164080715621,0.9854526743285027,1.0,0.9863858035161484,0.9714320029903196,0.9553893515681164,0.9405892638727181,0.9143126702342541,0.8855312713040808,0.8757301754786191,0.8705953084170358,0.8549922525530657,0.8485122088370353,0.8252306770282635,0.8131939190331992,0.7991069943246778,0.7834407452987147,0.7852152686245777,0.7671578772099626,0.7435519454240349,0.740922043542625,0.7419788255646975,0.7118389736586751,0.7149218353710665,0.6496371057904221,0.6429219422060891,0.6394482307441438
rotD50,SA,0.35,-0.18116064904441703,0.8749010062993918,0.745214216362665,0.9456875530356221,0.9384854239183474,0.9122260281362126,0.8985974941278267,0.8721186135323299,0.8690690542715408,0.9047513579132629,0.9315417482138041,0.9573867514471062,0.9863858035161484,1.0,0.9912006013978242,0.9788042527141103,0.9650584165094945,0.9392025518427426,0.9134732383477981,0.9027587500900769,0.8966563333709519,0.881622949112778,0.8753937440332126,0.8520253984758974,0.8410452026320013,0.8268457237308587,0.8111017088431666,0.8107836367780757,0.788372484807746,0.7633061078085748,0.7532958823823017,0.7515739940060661,0.7192507562566741,0.7209301732786665,0.6493310038531457,0.64191777153292,0.634809562943712
rotD50,SA,0.4,-0.1712592270192691,0.8952409285139065,0.7762560694109875,0.9323054515046726,0.924758247310431,0.8969605606303928,0.881417196173898,0.8561244399691099,0.8534375404256426,0.8867064578543639,0.9102634099616097,0.9358256939525191,0.9714320029903196,0.9912006013978242,1.0,0.9934715276416778,0.9828223251964899,0.9599302970401551,0.9387663292706058,0.9282490358470488,0.9213844785501174,0.9063708849429061,0.9007634289012817,0.8778517833693198,0.8674092878607427,0.8544037963544515,0.8399251118242563,0.8391830992238121,0.8131350320939776,0.7849956620968895,0.7734909914495212,0.7674279418259851,0.7399888476335025,0.7398554797372374,0.6725567367378372,0.6619488213581606,0.6513489709409085
rotD50,SA,0.45,-0.15603291480299972,0.9121302419307612,0.8076245101124547,0.9157514932075204,0.9077506125110708,0.878896099723457,0.8607211201719835,0.8340363990624231,0.8288129055213068,0.8620572305820177,0.887081944174127,0.9139878021281278,0.9553893515681164,0.9788042527141103,0.9934715276416778,1.0,0.9946537726575257,0.9746222016820311,0.9565341003957307,0.9464559048379263,0.9395517278446576,0.9264782246938272,0.9205764108824535,0.8991381943133757,0.8896431964171199,0.8777421713335377,0.8637823314022376,0.8625262398027527,0.837910756400113,0.8088810230547008,0.795849488738216,0.7858171449272221,0.7655648953507149,0.7607229778498726,0.6984795110561187,0.6863296927026444,0.6734666899586601
rotD50,SA,0.5,-0.1259855099188406,0.9324457818713255,0.8427891001451853,0.9002640378274316,0.8916596315646533,0.8604134128712069,0.8402507616048099,0.8141675259581467,0.8103061071457967,0.8439296913919853,0.8672240122913792,0.8958311338733163,0.9405892638727181,0.9650584165094945,0.9828223251964899,0.9946537726575257,1.0,0.9877898059829863,0.9743945755172007,0.9656572049472485,0.9599172360599556,0.9492239656988736,0.9434344781544954,0.923925543433509,0.9159015295928286,0.905010935608278,0.8923675318542561,0.890589698850521,0.866811123088679,0.8380425337387171,0.8229959830878643,0.8096270038068594,0.793758276739653,0.7853070494575083,0.7304245462796182,0.7146025874446077,0.6981070381793465
rotD50,SA,0.6,-0.07155058906200015,0.955047778447141,0.8777496057855791,0.8742423533581217,0.8652769170604265,0.8307684108012243,0.8073885983597184,0.782888135858832,0.778258299813298,0.8144299061053669,0.8417568546347559,0.8705922349706554,0.9143126702342541,0.9392025518427426,0.9599302970401551,0.9746222016820311,0.9877898059829863,1.0,0.9927282049296807,0.9880955592193794,0.9841630773441976,0.9758966083838684,0.9709362092200851,0.955890678871385,0.9491355309526449,0.9375703198107165,0.9250418223128447,0.9218982083989135,0.8965303944861801,0.8668928497825863,0.8509033924547964,0.834838527287789,0.8199645177758995,0.8076942213900248,0.7503688644923557,0.7260779258758785,0.7031625913418422
rotD50,SA,0.7,-0.04949046496312624,0.9687510145205941,0.9001794225839415,0.8493978364367705,0.841052716054521,0.8063883921332873,0.7805589301109729,0.7552768493072753,0.7470824611362951,0.7835196250103884,0.8109529616929165,0.8407325565656287,0.8855312713040808,0.9134732383477981,0.9387663292706058,0.9565341003957307,0.9743945755172007,0.9927282049296807,1.0,0.9980135581461834,0.9952665051387941,0.9897620546417566,0.9848765648047776,0.9741070896596229,0.9679670617479349,0.9581288409896712,0.947664684999297,0.944085706679306,0.9200278913935107,0.8915521112910196,0.8723695262768727,0.8551696247687117,0.8397915267712863,0.825395615417054,0.7645232139252509,0.7344820601552468,0.706085591841699
rotD50,SA,0.75,-0.04384838857849938,0.9711161260760207,0.9065029282946562,0.8428870072957352,0.8347820984739373,0.8000051688334818,0.7736076937376223,0.7475976833705081,0.7395008381251218,0.7761467451760374,0.8038107032588109,0.8334735052527621,0.8757301754786191,0.9027587500900769,0.9282490358470488,0.9464559048379263,0.9656572049472485,0.9880955592193794,0.9980135581461834,1.0,0.9984233774947932,0.9932946324132881,0.9885689734928816,0.9798654567036487,0.9734499495555468,0.9639103958042304,0.9536645091473454,0.9495419715007106,0.9250837531362068,0.8968025846480152,0.8781945449345577,0.8596545785253882,0.844258797929662,0.8287146018096494,0.7661383020813577,0.7326981592909764,0.7034118421808038
rotD50,SA,0.8,-0.035599201086181274,0.9739634655410695,0.9148804387476951,0.8414310756333854,0.833678844443244,0.7995277627491721,0.7725921404668157,0.7465552000301796,0.7398036646269049,0.7763943842738651,0.801184355791838,0.829405574487962,0.8705953084170358,0.8966563333709519,0.9213844785501174,0.9395517278446576,0.9599172360599556,0.9841630773441976,0.9952665051387941,0.9984233774947932,1.0,0.9964284605386903,0.9926015312271778,0.984760815236856,0.9785284051749386,0.9692335743525451,0.959280004397762,0.955458590396078,0.9312497388848785,0.9038206169772934,0.8865063047884137,0.8680891664190964,0.85588505492043,0.8406691637774526,0.7782708409859866,0.7434842185744195,0.713592202177921
rotD50,SA,0.9,-0.022229777579161555,0.9777751145617276,0.9274882331569062,0.8289328278053284,0.8216782466036887,0.7877925131271093,0.7599266005395895,0.733747147902635,0.7256324624646998,0.7617214701786841,0.7846352963805263,0.8137950211733569,0.8549922525530657,0.881622949112778,0.9063708849429061,0.9264782246938272,0.9492239656988736,0.9758966083838684,0.9897620546417566,0.9932946324132881,0.9964284605386903,1.0,0.9976597936302313,0.9911163136032827,0.9865855252235813,0.9776094876025768,0.9678154068579508,0.9638296956250775,0.9409692020210223,0.9143843666941517,0.8987682676530674,0.8806224744282491,0.8685609559030617,0.8508003815356318,0.7920920221764323,0.7542063850780234,0.7213948854858214
rotD50,SA,1.0,-0.0175608374719748,0.9811021776883498,0.9382019061554532,0.8246815802193942,0.8178598643293784,0.785316455684749,0.7574938070449353,0.7319597318370404,0.7230438393671543,0.7602912382882425,0.779077011411199,0.8082751139638426,0.8485122088370353,0.8753937440332126,0.9007634289012817,0.9205764108824535,0.9434344781544954,0.9709362092200851,0.9848765648047776,0.9885689734928816,0.9926015312271778,0.9976597936302313,1.0,0.9951126409420369,0.9904658756641417,0.9820453185747823,0.9732008512238102,0.9698186829027626,0.9473894249004057,0.922318533394364,0.9098309120736768,0.8917551214467693,0.8801023140824421,0.8631616437043177,0.8070392934284774,0.7681189801866468,0.7338500092914743
rotD50,SA,1.2,0.010511294347646336,0.9830147926551126,0.9380575044633249,0.8030605462356973,0.7969172902166245,0.7659995170252205,0.7371413310836896,0.7123052602543679,0.6996239563906289,0.7380751436222363,0.7539347756396501,0.785965802894253,0.8252306770282635,0.8520253984758974,0.8778517833693198,0.8991381943133757,0.923925543433509,0.955890678871385,0.9741070896596229,0.9798654567036487,0.984760815236856,0.9911163136032827,0.9951126409420369,1.0,0.9965616719344794,0.9900986395031395,0.9834391342829627,0.9803121255718965,0.9600900846725875,0.9378184006910177,0.9217939436772681,0.9033525135909939,0.8865079417583281,0.8696025937524292,0.8079894563997574,0.766440779834348,0.7283571398639899
rotD50,SA,1.4,0.016968985052543243,0.9834048743901581,0.9470017167411897,0.7908864690518248,0.7848072050889133,0.753678964295497,0.7237565832165758,0.6992379518467898,0.6857201736627547,0.7246562412652057,0.7410488253264638,0.7742484337468615,0.8131939190331992,0.8410452026320013,0.8674092878607427,0.8896431964171199,0.9159015295928286,0.9491355309526449,0.9679670617479349,0.9734499495555468,0.9785284051749386,0.9865855252235813,0.9904658756641417,0.9965616719344794,1.0,0.9965146729935661,0.9910810909717217,0.9876571448472095,0.9686214496418737,0.9477969789761258,0.9335095405951812,0.9154384895130921,0.9022621187313444,0.8839225383634906,0.8273596446542908,0.7857416305629,0.7465249443752855
rotD50,SA,1.6,0.011820587671442834,0.9842712873432972,0.9574685825970767,0.7742694080420544,0.7681403724497653,0.7365958338761684,0.7064846620615156,0.6797708429870811,0.665457704894095,0.7077272349334669,0.7249402846039754,0.7601862364800555,0.7991069943246778,0.8268457237308587,0.8544037963544515,0.8777421713335377,0.905010935608278,0.9375703198107165,0.9581288409896712,0.9639103958042304,0.9692335743525451,0.9776094876025768,0.9820453185747823,0.9900986395031395,0.9965146729935661,1.0,0.9969772946691523,0.9942647065530705,0.9794699457825427,0.9620451366403048,0.9464953902761638,0.929350154420594,0.9173612104200146,0.8993505768007463,0.850824389356166,0.8107131135457258,0.7727064591568935
rotD50,SA,1.8,0.011789716124381134,0.9821800221892354,0.9636962566425044,0.7597161280129571,0.7535396890725722,0.7229630633566463,0.6927774219886184,0.6665123120505455,0.6510458996007289,0.693116033923566,0.7095843514146213,0.743944964619644,0.7834407452987147,0.8111017088431666,0.8399251118242563,0.8637823314022376,0.8923675318542561,0.9250418223128447,0.947664684999297,0.9536645091473454,0.959280004397762,0.9678154068579508,0.9732008512238102,0.9834391342829627,0.9910810909717217,0.9969772946691523,1.0,0.9984710711448386,0.9867675546404089,0.9713411668497082,0.9560807924896239,0.9393919221990996,0.9305732233140523,0.9147623751917501,0.8698923392226887,0.8313030049788537,0.7944804595762301
rotD50,SA,2.0,0.010653139608724134,0.9818384305136202,0.966485342787625,0.7608844836602939,0.7544851864364878,0.7246637104062692,0.6950433621569606,0.6700578505120567,0.6543833799238028,0.6950412497626325,0.7113933549843413,0.7460479327878671,0.7852152686245777,0.8107836367780757,0.8391830992238121,0.8625262398027527,0.890589698850521,0.9218982083989135,0.944085706679306,0.9495419715007106,0.955458590396078,0.9638296956250775,0.9698186829027626,0.9803121255718965,0.9876571448472095,0.9942647065530705,0.9984710711448386,1.0,0.9908219993267302,0.9751705213258554,0.960025840514095,0.9441389693117668,0.9368268309475803,0.9225387404538943,0.8808220810383188,0.8439601354104812,0.8086539137869436
rotD50,SA,2.5,0.02173606280518144,0.9762912143388106,0.9738001735690557,0.7469952836779127,0.7417443894215043,0.7158039894287913,0.6862869317792837,0.6611732177280325,0.6443793031568212,0.6805471006110091,0.6957502649226512,0.7291895857100995,0.7671578772099626,0.788372484807746,0.8131350320939776,0.837910756400113,0.866811123088679,0.8965303944861801,0.9200278913935107,0.9250837531362068,0.9312497388848785,0.9409692020210223,0.9473894249004057,0.9600900846725875,0.9686214496418737,0.9794699457825427,0.9867675546404089,0.9908219993267302,1.0,0.99156338559359,0.9782461607726302,0.9661302242928844,0.9603876386371699,0.9492428419357738,0.9153527310240189,0.8836922972841856,0.8514313464404097
rotD50,SA,3.0,0.03839016338279374,0.9675350992516921,0.9711648386724917,0.730862626691403,0.7260765032055422,0.7029011148453473,0.6738484733096782,0.6505697841620743,0.6295192075791985,0.6653924510362815,0.6780620581652355,0.7070236362226545,0.7435519454240349,0.7633061078085748,0.7849956620968895,0.8088810230547008,0.8380425337387171,0.8668928497825863,0.8915521112910196,0.8968025846480152,0.9038206169772934,0.9143843666941517,0.922318533394364,0.9378184006910177,0.9477969789761258,0.9620451366403048,0.9713411668497082,0.9751705213258554,0.99156338559359,1.0,0.989093469331258,0.9803543983434608,0.9708771234061347,0.9613734397912218,0.9262045712973829,0.8961816532811778,0.8646651753909929
rotD50,SA,3.5,0.013723923767885567,0.9541553644764966,0.9767850156372615,0.7501545819501851,0.7461499569035929,0.724063759917518,0.6960933899346745,0.6791341109279573,0.6628298452544542,0.6973783791229442,0.6992685463127833,0.7121915062356557,0.740922043542625,0.7532958823823017,0.7734909914495212,0.795849488738216,0.8229959830878643,0.8509033924547964,0.8723695262768727,0.8781945449345577,0.8865063047884137,0.8987682676530674,0.9098309120736768,0.9217939436772681,0.9335095405951812,0.9464953902761638,0.9560807924896239,0.960025840514095,0.9782461607726302,0.989093469331258,1.0,0.9961163049770444,0.9878310262514387,0.9817083229740526,0.9531970731112486,0.9271404815176902,0.8985528250514829
rotD50,SA,4.0,0.0015557892390575827,0.9417113071455252,0.9692001555488524,0.7522921092096538,0.7484640027646613,0.7278957844465243,0.7010416135619131,0.6852795737618551,0.665787231550048,0.7011155925608196,0.7040858330551164,0.7168550443725135,0.7419788255646975,0.7515739940060661,0.7674279418259851,0.7858171449272221,0.8096270038068594,0.834838527287789,0.8551696247687117,0.8596545785253882,0.8680891664190964,0.8806224744282491,0.8917551214467693,0.9033525135909939,0.9154384895130921,0.929350154420594,0.9393919221990996,0.9441389693117668,0.9661302242928844,0.9803543983434608,0.9961163049770444,1.0,0.9906875725802844,0.9871866162809582,0.9616194701940591,0.9392921014897883,0.913939326540878
rotD50,SA,4.5,-0.14571074962316813,0.9310837926646571,0.9766819706858405,0.7428138399037096,0.7402358229654507,0.7211160319283169,0.6951354384032068,0.6728983468649727,0.644829380481447,0.6756690945048011,0.6785716617501745,0.6945338198385402,0.7118389736586751,0.7192507562566741,0.7399888476335025,0.7655648953507149,0.793758276739653,0.8199645177758995,0.8397915267712863,0.844258797929662,0.85588505492043,0.8685609559030617,0.8801023140824421,0.8865079417583281,0.9022621187313444,0.9173612104200146,0.9305732233140523,0.9368268309475803,0.9603876386371699,0.9708771234061347,0.9878310262514387,0.9906875725802844,1.0,0.9968286621199972,0.9827592068076675,0.9643709872679801,0.9430445813332808
rotD50,SA,5.0,-0.15688710053991267,0.9189684551381901,0.9657478385215144,0.7480985198170131,0.7460146043262482,0.7303382448555247,0.7056029312950317,0.684180698057663,0.6548846180556818,0.6845327166387376,0.6835082919457569,0.6979389627069502,0.7149218353710665,0.7209301732786665,0.7398554797372374,0.7607229778498726,0.7853070494575083,0.8076942213900248,0.825395615417054,0.8287146018096494,0.8406691637774526,0.8508003815356318,0.8631616437043177,0.8696025937524292,0.8839225383634906,0.8993505768007463,0.9147623751917501,0.9225387404538943,0.9492428419357738,0.9613734397912218,0.9817083229740526,0.9871866162809582,0.9968286621199972,1.0,0.9891526932608955,0.9748245727033915,0.9567581877361706
rotD50,SA,6.0,-0.06787335177158534,0.8674963853748311,0.9461965224491751,0.7006266159404987,0.7003496505879879,0.7011239724620644,0.6803699672227345,0.6704798473149385,0.6295291876517259,0.6397378994629694,0.6322182452026541,0.6370077060912408,0.6496371057904221,0.6493310038531457,0.6725567367378372,0.6984795110561187,0.7304245462796182,0.7503688644923557,0.7645232139252509,0.7661383020813577,0.7782708409859866,0.7920920221764323,0.8070392934284774,0.8079894563997574,0.8273596446542908,0.850824389356166,0.8698923392226887,0.8808220810383188,0.9153527310240189,0.9262045712973829,0.9531970731112486,0.9616194701940591,0.9827592068076675,0.9891526932608955,1.0,0.9950980390225601,0.9848332533339155
rotD50,SA,7.0,-0.11758087659339161,0.8359085443263813,0.9220153678162631,0.6968423854399782,0.6967980286772679,0.7003016241093714,0.6816093910662732,0.6705607584149523,0.6276060674329397,0.6360573241357644,0.6274995940830476,0.6312960112689855,0.6429219422060891,0.64191777153292,0.6619488213581606,0.6863296927026444,0.7146025874446077,0.7260779258758785,0.7344820601552468,0.7326981592909764,0.7434842185744195,0.7542063850780234,0.7681189801866468,0.766440779834348,0.7857416305629,0.8107131135457258,0.8313030049788537,0.8439601354104812,0.8836922972841856,0.8961816532811778,0.9271404815176902,0.9392921014897883,0.9643709872679801,0.9748245727033915,0.9950980390225601,1.0,0.9957541670514863
rotD50,SA,8.0,-0.16146379231946975,0.8055112229852557,0.896600817227485,0.6964969150251473,0.6957154609299743,0.7015009223397898,0.6869669141347533,0.675804875773754,0.6326654879643447,0.6397078946715499,0.6284764279290913,0.6302549418543055,0.6394482307441438,0.634809562943712,0.6513489709409085,0.6734666899586601,0.6981070381793465,0.7031625913418422,0.706085591841699,0.7034118421808038,0.713592202177921,0.7213948854858214,0.7338500092914743,0.7283571398639899,0.7465249443752855,0.7727064591568935,0.7944804595762301,0.8086539137869436,0.8514313464404097,0.8646651753909929,0.8985528250514829,0.913939326540878,0.9430445813332808,0.9567581877361706,0.9848332533339155,0.9957541670514863,1.0
